NKKQ01000018.1:1629-3091	NKKU01000018.1:1629-3091	100.000	620	0	0	1	620	1989	2608	0.0	1146
NKKQ01000018.1:1629-3091	NKKQ01000018.1:1629-3091	100.000	620	0	0	1	620	1989	2608	0.0	1146
NKKQ01000018.1:1629-3091	NKKZ01000015.1:1629-3085	98.871	620	1	1	1	620	1989	2602	0.0	1101
NKKQ01000018.1:1629-3091	NKLD01000019.1:3181-4637	98.710	620	2	1	1	620	4277	3664	0.0	1096
NKKQ01000018.1:1629-3091	NKKX01000021.1:c4228-2772	98.710	620	2	1	1	620	3868	3255	0.0	1096
NKKQ01000018.1:1629-3091	CP079206.1:233910-234523	98.387	620	4	1	1	620	233910	234523	0.0	1085
NKKQ01000018.1:1629-3091	NKLC01000021.1:1629-3076	98.387	620	4	1	1	620	1980	2593	0.0	1085
NKKQ01000018.1:1629-3091	NKLF01000020.1:c6951-5495	98.226	620	5	1	1	620	6591	5978	0.0	1079
NKKQ01000018.1:1629-3091	NKKS01000020.1:c6943-5496	98.065	620	6	1	1	620	6592	5979	0.0	1074
NKKQ01000018.1:1629-3091	NKKR01000020.1:c6943-5496	98.065	620	6	1	1	620	6592	5979	0.0	1074
NKKQ01000018.1:1629-3091	NKLO01000022.1:1629-3085	97.903	620	7	1	1	620	1989	2602	0.0	1068
NKKQ01000018.1:1629-3091	NKLN01000025.1:c6951-5495	97.903	620	7	1	1	620	6591	5978	0.0	1068
NKKQ01000018.1:1629-3091	NKLJ01000021.1:4824-6280	97.742	620	8	1	1	620	5920	5307	0.0	1062
NKKQ01000018.1:1629-3091	NKLI01000022.1:5053-6509	97.742	620	8	1	1	620	6149	5536	0.0	1062
NKKQ01000018.1:1629-3091	NKKV01000021.1:c6509-5053	97.742	620	8	1	1	620	6149	5536	0.0	1062
NKKQ01000018.1:1629-3091	CP061006.1:179883-180496	97.419	620	10	1	1	620	179883	180496	0.0	1051
NKKQ01000018.1:1629-3091	CP076522.1:c2116534-2115921	97.258	620	11	1	1	620	2116534	2115921	0.0	1046
NKKQ01000018.1:1629-3091	CP026503.1:c189602-188989	97.258	620	11	1	1	620	189602	188989	0.0	1046
NKKQ01000018.1:1629-3091	NKLH01000021.1:1650-3106	96.935	620	13	1	1	620	2010	2623	0.0	1035
NKKQ01000018.1:1629-3091	NKLA01000017.1:c6948-5495	96.452	620	13	2	1	620	6588	5978	0.0	1014
NKKQ01000018.1:1629-3091	NKKY01000019.1:c6945-5492	96.452	620	13	2	1	620	6585	5975	0.0	1014
NKKQ01000018.1:1629-3091	NKLR01000014.1:c10445-8998	94.839	620	26	2	1	620	10094	9481	0.0	963
NKKQ01000018.1:1629-3091	NKLL01000013.1:1736-3183	94.839	620	26	2	1	620	2087	2700	0.0	963
NKKQ01000018.1:1629-3091	NKLK01000015.1:c8336-7100	94.839	620	26	2	1	620	8196	7583	0.0	963
NKKQ01000018.1:1629-3091	NKLP01000019.1:c10373-8917	94.677	620	27	2	1	620	10013	9400	0.0	957
NKKQ01000018.1:1629-3091	NKLM01000017.1:c10593-9146	94.194	620	30	2	1	620	10242	9629	0.0	941
NKKQ01000018.1:1629-3091	NKLG01000017.1:1840-3287	94.194	620	30	2	1	620	2191	2804	0.0	941
NKKQ01000018.1:1629-3091	NKLE01000019.1:9146-10593	94.194	620	30	2	1	620	10242	9629	0.0	941
NKKQ01000018.1:1629-3091	NKKT01000018.1:c10593-9146	94.194	620	30	2	1	620	10242	9629	0.0	941
NKKQ01000018.1:1629-3091	NKLQ01000019.1:1650-3103	93.930	626	26	5	1	620	2001	2620	0.0	935
NKKQ01000018.1:1629-3091	NKLB01000022.1:1650-3103	93.930	626	26	5	1	620	2001	2620	0.0	935
NKKQ01000018.1:1629-3091	NKKW01000019.1:1650-3103	93.930	626	26	5	1	620	2001	2620	0.0	935
NKKR01000020.1:c6943-5496	NKKS01000020.1:c6943-5496	100.000	614	0	0	1	614	6592	5979	0.0	1134
NKKR01000020.1:c6943-5496	NKKR01000020.1:c6943-5496	100.000	614	0	0	1	614	6592	5979	0.0	1134
NKKR01000020.1:c6943-5496	CP079206.1:233910-234523	99.511	614	3	0	1	614	233910	234523	0.0	1118
NKKR01000020.1:c6943-5496	NKLC01000021.1:1629-3076	99.511	614	3	0	1	614	1980	2593	0.0	1118
NKKR01000020.1:c6943-5496	NKLF01000020.1:c6951-5495	99.349	614	4	0	1	614	6591	5978	0.0	1112
NKKR01000020.1:c6943-5496	NKLO01000022.1:1629-3085	99.186	614	5	0	1	614	1989	2602	0.0	1107
NKKR01000020.1:c6943-5496	NKLN01000025.1:c6951-5495	99.186	614	5	0	1	614	6591	5978	0.0	1107
NKKR01000020.1:c6943-5496	NKLJ01000021.1:4824-6280	99.023	614	6	0	1	614	5920	5307	0.0	1101
NKKR01000020.1:c6943-5496	NKLI01000022.1:5053-6509	99.023	614	6	0	1	614	6149	5536	0.0	1101
NKKR01000020.1:c6943-5496	NKLD01000019.1:3181-4637	99.023	614	6	0	1	614	4277	3664	0.0	1101
NKKR01000020.1:c6943-5496	NKKX01000021.1:c4228-2772	99.023	614	6	0	1	614	3868	3255	0.0	1101
NKKR01000020.1:c6943-5496	NKKV01000021.1:c6509-5053	99.023	614	6	0	1	614	6149	5536	0.0	1101
NKKR01000020.1:c6943-5496	NKKZ01000015.1:1629-3085	98.860	614	7	0	1	614	1989	2602	0.0	1096
NKKR01000020.1:c6943-5496	CP061006.1:179883-180496	98.697	614	8	0	1	614	179883	180496	0.0	1090
NKKR01000020.1:c6943-5496	CP076522.1:c2116534-2115921	98.534	614	9	0	1	614	2116534	2115921	0.0	1085
NKKR01000020.1:c6943-5496	CP026503.1:c189602-188989	98.534	614	9	0	1	614	189602	188989	0.0	1085
NKKR01000020.1:c6943-5496	NKKU01000018.1:1629-3091	98.065	620	6	1	1	614	1989	2608	0.0	1074
NKKR01000020.1:c6943-5496	NKKQ01000018.1:1629-3091	98.065	620	6	1	1	614	1989	2608	0.0	1074
NKKR01000020.1:c6943-5496	NKLH01000021.1:1650-3106	98.046	614	12	0	1	614	2010	2623	0.0	1068
NKKR01000020.1:c6943-5496	NKLA01000017.1:c6948-5495	97.720	614	11	1	1	614	6588	5978	0.0	1053
NKKR01000020.1:c6943-5496	NKKY01000019.1:c6945-5492	97.720	614	11	1	1	614	6585	5975	0.0	1053
NKKR01000020.1:c6943-5496	NKLR01000014.1:c10445-8998	95.928	614	25	0	1	614	10094	9481	0.0	996
NKKR01000020.1:c6943-5496	NKLL01000013.1:1736-3183	95.928	614	25	0	1	614	2087	2700	0.0	996
NKKR01000020.1:c6943-5496	NKLK01000015.1:c8336-7100	95.928	614	25	0	1	614	8196	7583	0.0	996
NKKR01000020.1:c6943-5496	NKLP01000019.1:c10373-8917	95.765	614	26	0	1	614	10013	9400	0.0	990
NKKR01000020.1:c6943-5496	NKLM01000017.1:c10593-9146	95.277	614	29	0	1	614	10242	9629	0.0	974
NKKR01000020.1:c6943-5496	NKLG01000017.1:1840-3287	95.277	614	29	0	1	614	2191	2804	0.0	974
NKKR01000020.1:c6943-5496	NKLE01000019.1:9146-10593	95.277	614	29	0	1	614	10242	9629	0.0	974
NKKR01000020.1:c6943-5496	NKKT01000018.1:c10593-9146	95.277	614	29	0	1	614	10242	9629	0.0	974
NKKR01000020.1:c6943-5496	NKLQ01000019.1:1650-3103	94.839	620	26	2	1	614	2001	2620	0.0	963
NKKR01000020.1:c6943-5496	NKLB01000022.1:1650-3103	94.839	620	26	2	1	614	2001	2620	0.0	963
NKKR01000020.1:c6943-5496	NKKW01000019.1:1650-3103	94.839	620	26	2	1	614	2001	2620	0.0	963
NKKS01000020.1:c6943-5496	NKKS01000020.1:c6943-5496	100.000	614	0	0	1	614	6592	5979	0.0	1134
NKKS01000020.1:c6943-5496	NKKR01000020.1:c6943-5496	100.000	614	0	0	1	614	6592	5979	0.0	1134
NKKS01000020.1:c6943-5496	CP079206.1:233910-234523	99.511	614	3	0	1	614	233910	234523	0.0	1118
NKKS01000020.1:c6943-5496	NKLC01000021.1:1629-3076	99.511	614	3	0	1	614	1980	2593	0.0	1118
NKKS01000020.1:c6943-5496	NKLF01000020.1:c6951-5495	99.349	614	4	0	1	614	6591	5978	0.0	1112
NKKS01000020.1:c6943-5496	NKLO01000022.1:1629-3085	99.186	614	5	0	1	614	1989	2602	0.0	1107
NKKS01000020.1:c6943-5496	NKLN01000025.1:c6951-5495	99.186	614	5	0	1	614	6591	5978	0.0	1107
NKKS01000020.1:c6943-5496	NKLJ01000021.1:4824-6280	99.023	614	6	0	1	614	5920	5307	0.0	1101
NKKS01000020.1:c6943-5496	NKLI01000022.1:5053-6509	99.023	614	6	0	1	614	6149	5536	0.0	1101
NKKS01000020.1:c6943-5496	NKLD01000019.1:3181-4637	99.023	614	6	0	1	614	4277	3664	0.0	1101
NKKS01000020.1:c6943-5496	NKKX01000021.1:c4228-2772	99.023	614	6	0	1	614	3868	3255	0.0	1101
NKKS01000020.1:c6943-5496	NKKV01000021.1:c6509-5053	99.023	614	6	0	1	614	6149	5536	0.0	1101
NKKS01000020.1:c6943-5496	NKKZ01000015.1:1629-3085	98.860	614	7	0	1	614	1989	2602	0.0	1096
NKKS01000020.1:c6943-5496	CP061006.1:179883-180496	98.697	614	8	0	1	614	179883	180496	0.0	1090
NKKS01000020.1:c6943-5496	CP076522.1:c2116534-2115921	98.534	614	9	0	1	614	2116534	2115921	0.0	1085
NKKS01000020.1:c6943-5496	CP026503.1:c189602-188989	98.534	614	9	0	1	614	189602	188989	0.0	1085
NKKS01000020.1:c6943-5496	NKKU01000018.1:1629-3091	98.065	620	6	1	1	614	1989	2608	0.0	1074
NKKS01000020.1:c6943-5496	NKKQ01000018.1:1629-3091	98.065	620	6	1	1	614	1989	2608	0.0	1074
NKKS01000020.1:c6943-5496	NKLH01000021.1:1650-3106	98.046	614	12	0	1	614	2010	2623	0.0	1068
NKKS01000020.1:c6943-5496	NKLA01000017.1:c6948-5495	97.720	614	11	1	1	614	6588	5978	0.0	1053
NKKS01000020.1:c6943-5496	NKKY01000019.1:c6945-5492	97.720	614	11	1	1	614	6585	5975	0.0	1053
NKKS01000020.1:c6943-5496	NKLR01000014.1:c10445-8998	95.928	614	25	0	1	614	10094	9481	0.0	996
NKKS01000020.1:c6943-5496	NKLL01000013.1:1736-3183	95.928	614	25	0	1	614	2087	2700	0.0	996
NKKS01000020.1:c6943-5496	NKLK01000015.1:c8336-7100	95.928	614	25	0	1	614	8196	7583	0.0	996
NKKS01000020.1:c6943-5496	NKLP01000019.1:c10373-8917	95.765	614	26	0	1	614	10013	9400	0.0	990
NKKS01000020.1:c6943-5496	NKLM01000017.1:c10593-9146	95.277	614	29	0	1	614	10242	9629	0.0	974
NKKS01000020.1:c6943-5496	NKLG01000017.1:1840-3287	95.277	614	29	0	1	614	2191	2804	0.0	974
NKKS01000020.1:c6943-5496	NKLE01000019.1:9146-10593	95.277	614	29	0	1	614	10242	9629	0.0	974
NKKS01000020.1:c6943-5496	NKKT01000018.1:c10593-9146	95.277	614	29	0	1	614	10242	9629	0.0	974
NKKS01000020.1:c6943-5496	NKLQ01000019.1:1650-3103	94.839	620	26	2	1	614	2001	2620	0.0	963
NKKS01000020.1:c6943-5496	NKLB01000022.1:1650-3103	94.839	620	26	2	1	614	2001	2620	0.0	963
NKKS01000020.1:c6943-5496	NKKW01000019.1:1650-3103	94.839	620	26	2	1	614	2001	2620	0.0	963
NKKT01000018.1:c10593-9146	NKLM01000017.1:c10593-9146	100.000	614	0	0	1	614	10242	9629	0.0	1134
NKKT01000018.1:c10593-9146	NKLG01000017.1:1840-3287	100.000	614	0	0	1	614	2191	2804	0.0	1134
NKKT01000018.1:c10593-9146	NKLE01000019.1:9146-10593	100.000	614	0	0	1	614	10242	9629	0.0	1134
NKKT01000018.1:c10593-9146	NKKT01000018.1:c10593-9146	100.000	614	0	0	1	614	10242	9629	0.0	1134
NKKT01000018.1:c10593-9146	NKLR01000014.1:c10445-8998	99.023	614	6	0	1	614	10094	9481	0.0	1101
NKKT01000018.1:c10593-9146	NKLL01000013.1:1736-3183	99.023	614	6	0	1	614	2087	2700	0.0	1101
NKKT01000018.1:c10593-9146	NKLK01000015.1:c8336-7100	98.860	614	7	0	1	614	8196	7583	0.0	1096
NKKT01000018.1:c10593-9146	NKLP01000019.1:c10373-8917	98.697	614	8	0	1	614	10013	9400	0.0	1090
NKKT01000018.1:c10593-9146	CP076522.1:c2116534-2115921	95.603	614	27	0	1	614	2116534	2115921	0.0	985
NKKT01000018.1:c10593-9146	CP061006.1:179883-180496	95.603	614	27	0	1	614	179883	180496	0.0	985
NKKT01000018.1:c10593-9146	NKLH01000021.1:1650-3106	95.603	614	27	0	1	614	2010	2623	0.0	985
NKKT01000018.1:c10593-9146	CP026503.1:c189602-188989	95.440	614	28	0	1	614	189602	188989	0.0	979
NKKT01000018.1:c10593-9146	CP079206.1:233910-234523	95.440	614	28	0	1	614	233910	234523	0.0	979
NKKT01000018.1:c10593-9146	NKLO01000022.1:1629-3085	95.440	614	28	0	1	614	1989	2602	0.0	979
NKKT01000018.1:c10593-9146	NKLN01000025.1:c6951-5495	95.440	614	28	0	1	614	6591	5978	0.0	979
NKKT01000018.1:c10593-9146	NKLC01000021.1:1629-3076	95.440	614	28	0	1	614	1980	2593	0.0	979
NKKT01000018.1:c10593-9146	NKLJ01000021.1:4824-6280	95.277	614	29	0	1	614	5920	5307	0.0	974
NKKT01000018.1:c10593-9146	NKLI01000022.1:5053-6509	95.277	614	29	0	1	614	6149	5536	0.0	974
NKKT01000018.1:c10593-9146	NKLF01000020.1:c6951-5495	95.277	614	29	0	1	614	6591	5978	0.0	974
NKKT01000018.1:c10593-9146	NKKV01000021.1:c6509-5053	95.277	614	29	0	1	614	6149	5536	0.0	974
NKKT01000018.1:c10593-9146	NKKS01000020.1:c6943-5496	95.277	614	29	0	1	614	6592	5979	0.0	974
NKKT01000018.1:c10593-9146	NKKR01000020.1:c6943-5496	95.277	614	29	0	1	614	6592	5979	0.0	974
NKKT01000018.1:c10593-9146	NKLA01000017.1:c6948-5495	95.277	614	26	1	1	614	6588	5978	0.0	970
NKKT01000018.1:c10593-9146	NKKY01000019.1:c6945-5492	95.277	614	26	1	1	614	6585	5975	0.0	970
NKKT01000018.1:c10593-9146	NKLD01000019.1:3181-4637	94.951	614	31	0	1	614	4277	3664	0.0	963
NKKT01000018.1:c10593-9146	NKKX01000021.1:c4228-2772	94.951	614	31	0	1	614	3868	3255	0.0	963
NKKT01000018.1:c10593-9146	NKKZ01000015.1:1629-3085	94.788	614	32	0	1	614	1989	2602	0.0	957
NKKT01000018.1:c10593-9146	NKKU01000018.1:1629-3091	94.194	620	30	2	1	614	1989	2608	0.0	941
NKKT01000018.1:c10593-9146	NKKQ01000018.1:1629-3091	94.194	620	30	2	1	614	1989	2608	0.0	941
NKKT01000018.1:c10593-9146	NKLQ01000019.1:1650-3103	93.871	620	32	1	1	614	2001	2620	0.0	929
NKKT01000018.1:c10593-9146	NKLB01000022.1:1650-3103	93.871	620	32	1	1	614	2001	2620	0.0	929
NKKT01000018.1:c10593-9146	NKKW01000019.1:1650-3103	93.871	620	32	1	1	614	2001	2620	0.0	929
NKKU01000018.1:1629-3091	NKKU01000018.1:1629-3091	100.000	620	0	0	1	620	1989	2608	0.0	1146
NKKU01000018.1:1629-3091	NKKQ01000018.1:1629-3091	100.000	620	0	0	1	620	1989	2608	0.0	1146
NKKU01000018.1:1629-3091	NKKZ01000015.1:1629-3085	98.871	620	1	1	1	620	1989	2602	0.0	1101
NKKU01000018.1:1629-3091	NKLD01000019.1:3181-4637	98.710	620	2	1	1	620	4277	3664	0.0	1096
NKKU01000018.1:1629-3091	NKKX01000021.1:c4228-2772	98.710	620	2	1	1	620	3868	3255	0.0	1096
NKKU01000018.1:1629-3091	CP079206.1:233910-234523	98.387	620	4	1	1	620	233910	234523	0.0	1085
NKKU01000018.1:1629-3091	NKLC01000021.1:1629-3076	98.387	620	4	1	1	620	1980	2593	0.0	1085
NKKU01000018.1:1629-3091	NKLF01000020.1:c6951-5495	98.226	620	5	1	1	620	6591	5978	0.0	1079
NKKU01000018.1:1629-3091	NKKS01000020.1:c6943-5496	98.065	620	6	1	1	620	6592	5979	0.0	1074
NKKU01000018.1:1629-3091	NKKR01000020.1:c6943-5496	98.065	620	6	1	1	620	6592	5979	0.0	1074
NKKU01000018.1:1629-3091	NKLO01000022.1:1629-3085	97.903	620	7	1	1	620	1989	2602	0.0	1068
NKKU01000018.1:1629-3091	NKLN01000025.1:c6951-5495	97.903	620	7	1	1	620	6591	5978	0.0	1068
NKKU01000018.1:1629-3091	NKLJ01000021.1:4824-6280	97.742	620	8	1	1	620	5920	5307	0.0	1062
NKKU01000018.1:1629-3091	NKLI01000022.1:5053-6509	97.742	620	8	1	1	620	6149	5536	0.0	1062
NKKU01000018.1:1629-3091	NKKV01000021.1:c6509-5053	97.742	620	8	1	1	620	6149	5536	0.0	1062
NKKU01000018.1:1629-3091	CP061006.1:179883-180496	97.419	620	10	1	1	620	179883	180496	0.0	1051
NKKU01000018.1:1629-3091	CP076522.1:c2116534-2115921	97.258	620	11	1	1	620	2116534	2115921	0.0	1046
NKKU01000018.1:1629-3091	CP026503.1:c189602-188989	97.258	620	11	1	1	620	189602	188989	0.0	1046
NKKU01000018.1:1629-3091	NKLH01000021.1:1650-3106	96.935	620	13	1	1	620	2010	2623	0.0	1035
NKKU01000018.1:1629-3091	NKLA01000017.1:c6948-5495	96.452	620	13	2	1	620	6588	5978	0.0	1014
NKKU01000018.1:1629-3091	NKKY01000019.1:c6945-5492	96.452	620	13	2	1	620	6585	5975	0.0	1014
NKKU01000018.1:1629-3091	NKLR01000014.1:c10445-8998	94.839	620	26	2	1	620	10094	9481	0.0	963
NKKU01000018.1:1629-3091	NKLL01000013.1:1736-3183	94.839	620	26	2	1	620	2087	2700	0.0	963
NKKU01000018.1:1629-3091	NKLK01000015.1:c8336-7100	94.839	620	26	2	1	620	8196	7583	0.0	963
NKKU01000018.1:1629-3091	NKLP01000019.1:c10373-8917	94.677	620	27	2	1	620	10013	9400	0.0	957
NKKU01000018.1:1629-3091	NKLM01000017.1:c10593-9146	94.194	620	30	2	1	620	10242	9629	0.0	941
NKKU01000018.1:1629-3091	NKLG01000017.1:1840-3287	94.194	620	30	2	1	620	2191	2804	0.0	941
NKKU01000018.1:1629-3091	NKLE01000019.1:9146-10593	94.194	620	30	2	1	620	10242	9629	0.0	941
NKKU01000018.1:1629-3091	NKKT01000018.1:c10593-9146	94.194	620	30	2	1	620	10242	9629	0.0	941
NKKU01000018.1:1629-3091	NKLQ01000019.1:1650-3103	93.930	626	26	5	1	620	2001	2620	0.0	935
NKKU01000018.1:1629-3091	NKLB01000022.1:1650-3103	93.930	626	26	5	1	620	2001	2620	0.0	935
NKKU01000018.1:1629-3091	NKKW01000019.1:1650-3103	93.930	626	26	5	1	620	2001	2620	0.0	935
NKKV01000021.1:c6509-5053	NKLJ01000021.1:4824-6280	100.000	614	0	0	1	614	5920	5307	0.0	1134
NKKV01000021.1:c6509-5053	NKLI01000022.1:5053-6509	100.000	614	0	0	1	614	6149	5536	0.0	1134
NKKV01000021.1:c6509-5053	NKKV01000021.1:c6509-5053	100.000	614	0	0	1	614	6149	5536	0.0	1134
NKKV01000021.1:c6509-5053	NKLO01000022.1:1629-3085	99.511	614	3	0	1	614	1989	2602	0.0	1118
NKKV01000021.1:c6509-5053	NKLN01000025.1:c6951-5495	99.511	614	3	0	1	614	6591	5978	0.0	1118
NKKV01000021.1:c6509-5053	CP079206.1:233910-234523	99.186	614	5	0	1	614	233910	234523	0.0	1107
NKKV01000021.1:c6509-5053	NKLC01000021.1:1629-3076	99.186	614	5	0	1	614	1980	2593	0.0	1107
NKKV01000021.1:c6509-5053	NKLF01000020.1:c6951-5495	99.023	614	6	0	1	614	6591	5978	0.0	1101
NKKV01000021.1:c6509-5053	NKLD01000019.1:3181-4637	99.023	614	6	0	1	614	4277	3664	0.0	1101
NKKV01000021.1:c6509-5053	NKKX01000021.1:c4228-2772	99.023	614	6	0	1	614	3868	3255	0.0	1101
NKKV01000021.1:c6509-5053	NKKS01000020.1:c6943-5496	99.023	614	6	0	1	614	6592	5979	0.0	1101
NKKV01000021.1:c6509-5053	NKKR01000020.1:c6943-5496	99.023	614	6	0	1	614	6592	5979	0.0	1101
NKKV01000021.1:c6509-5053	NKKZ01000015.1:1629-3085	98.860	614	7	0	1	614	1989	2602	0.0	1096
NKKV01000021.1:c6509-5053	CP061006.1:179883-180496	98.371	614	10	0	1	614	179883	180496	0.0	1079
NKKV01000021.1:c6509-5053	CP076522.1:c2116534-2115921	98.208	614	11	0	1	614	2116534	2115921	0.0	1074
NKKV01000021.1:c6509-5053	CP026503.1:c189602-188989	98.208	614	11	0	1	614	189602	188989	0.0	1074
NKKV01000021.1:c6509-5053	NKLH01000021.1:1650-3106	98.046	614	12	0	1	614	2010	2623	0.0	1068
NKKV01000021.1:c6509-5053	NKKU01000018.1:1629-3091	97.742	620	8	1	1	614	1989	2608	0.0	1062
NKKV01000021.1:c6509-5053	NKKQ01000018.1:1629-3091	97.742	620	8	1	1	614	1989	2608	0.0	1062
NKKV01000021.1:c6509-5053	NKLA01000017.1:c6948-5495	97.720	614	11	1	1	614	6588	5978	0.0	1053
NKKV01000021.1:c6509-5053	NKKY01000019.1:c6945-5492	97.720	614	11	1	1	614	6585	5975	0.0	1053
NKKV01000021.1:c6509-5053	NKLR01000014.1:c10445-8998	95.928	614	25	0	1	614	10094	9481	0.0	996
NKKV01000021.1:c6509-5053	NKLL01000013.1:1736-3183	95.928	614	25	0	1	614	2087	2700	0.0	996
NKKV01000021.1:c6509-5053	NKLK01000015.1:c8336-7100	95.928	614	25	0	1	614	8196	7583	0.0	996
NKKV01000021.1:c6509-5053	NKLP01000019.1:c10373-8917	95.765	614	26	0	1	614	10013	9400	0.0	990
NKKV01000021.1:c6509-5053	NKLM01000017.1:c10593-9146	95.277	614	29	0	1	614	10242	9629	0.0	974
NKKV01000021.1:c6509-5053	NKLG01000017.1:1840-3287	95.277	614	29	0	1	614	2191	2804	0.0	974
NKKV01000021.1:c6509-5053	NKLE01000019.1:9146-10593	95.277	614	29	0	1	614	10242	9629	0.0	974
NKKV01000021.1:c6509-5053	NKKT01000018.1:c10593-9146	95.277	614	29	0	1	614	10242	9629	0.0	974
NKKV01000021.1:c6509-5053	NKLQ01000019.1:1650-3103	94.839	620	26	2	1	614	2001	2620	0.0	963
NKKV01000021.1:c6509-5053	NKLB01000022.1:1650-3103	94.839	620	26	2	1	614	2001	2620	0.0	963
NKKV01000021.1:c6509-5053	NKKW01000019.1:1650-3103	94.839	620	26	2	1	614	2001	2620	0.0	963
NKKW01000019.1:1650-3103	NKLQ01000019.1:1650-3103	100.000	620	0	0	1	620	2001	2620	0.0	1146
NKKW01000019.1:1650-3103	NKLB01000022.1:1650-3103	100.000	620	0	0	1	620	2001	2620	0.0	1146
NKKW01000019.1:1650-3103	NKKW01000019.1:1650-3103	100.000	620	0	0	1	620	2001	2620	0.0	1146
NKKW01000019.1:1650-3103	NKLH01000021.1:1650-3106	95.484	620	22	1	1	620	2010	2623	0.0	985
NKKW01000019.1:1650-3103	CP079206.1:233910-234523	95.323	620	23	2	1	620	233910	234523	0.0	979
NKKW01000019.1:1650-3103	NKLC01000021.1:1629-3076	95.323	620	23	2	1	620	1980	2593	0.0	979
NKKW01000019.1:1650-3103	CP076522.1:c2116534-2115921	95.161	620	24	2	1	620	2116534	2115921	0.0	974
NKKW01000019.1:1650-3103	CP061006.1:179883-180496	95.161	620	24	2	1	620	179883	180496	0.0	974
NKKW01000019.1:1650-3103	NKLF01000020.1:c6951-5495	95.161	620	24	2	1	620	6591	5978	0.0	974
NKKW01000019.1:1650-3103	CP026503.1:c189602-188989	95.000	620	25	2	1	620	189602	188989	0.0	968
NKKW01000019.1:1650-3103	NKLO01000022.1:1629-3085	95.000	620	25	2	1	620	1989	2602	0.0	968
NKKW01000019.1:1650-3103	NKLN01000025.1:c6951-5495	95.000	620	25	2	1	620	6591	5978	0.0	968
NKKW01000019.1:1650-3103	NKLJ01000021.1:4824-6280	94.839	620	26	2	1	620	5920	5307	0.0	963
NKKW01000019.1:1650-3103	NKLI01000022.1:5053-6509	94.839	620	26	2	1	620	6149	5536	0.0	963
NKKW01000019.1:1650-3103	NKKV01000021.1:c6509-5053	94.839	620	26	2	1	620	6149	5536	0.0	963
NKKW01000019.1:1650-3103	NKKS01000020.1:c6943-5496	94.839	620	26	2	1	620	6592	5979	0.0	963
NKKW01000019.1:1650-3103	NKKR01000020.1:c6943-5496	94.839	620	26	2	1	620	6592	5979	0.0	963
NKKW01000019.1:1650-3103	NKLA01000017.1:c6948-5495	94.839	620	23	2	1	620	6588	5978	0.0	959
NKKW01000019.1:1650-3103	NKKY01000019.1:c6945-5492	94.839	620	23	2	1	620	6585	5975	0.0	959
NKKW01000019.1:1650-3103	NKLD01000019.1:3181-4637	94.677	620	27	2	1	620	4277	3664	0.0	957
NKKW01000019.1:1650-3103	NKKX01000021.1:c4228-2772	94.677	620	27	2	1	620	3868	3255	0.0	957
NKKW01000019.1:1650-3103	NKKZ01000015.1:1629-3085	94.516	620	28	2	1	620	1989	2602	0.0	952
NKKW01000019.1:1650-3103	NKLR01000014.1:c10445-8998	94.203	621	28	3	1	620	10094	9481	0.0	941
NKKW01000019.1:1650-3103	NKLL01000013.1:1736-3183	94.203	621	28	3	1	620	2087	2700	0.0	941
NKKW01000019.1:1650-3103	NKLP01000019.1:c10373-8917	94.042	621	29	3	1	620	10013	9400	0.0	935
NKKW01000019.1:1650-3103	NKLK01000015.1:c8336-7100	94.042	621	29	3	1	620	8196	7583	0.0	935
NKKW01000019.1:1650-3103	NKKU01000018.1:1629-3091	93.930	626	26	5	1	620	1989	2608	0.0	935
NKKW01000019.1:1650-3103	NKKQ01000018.1:1629-3091	93.930	626	26	5	1	620	1989	2608	0.0	935
NKKW01000019.1:1650-3103	NKLM01000017.1:c10593-9146	93.871	620	32	1	1	620	10242	9629	0.0	929
NKKW01000019.1:1650-3103	NKLG01000017.1:1840-3287	93.871	620	32	1	1	620	2191	2804	0.0	929
NKKW01000019.1:1650-3103	NKLE01000019.1:9146-10593	93.871	620	32	1	1	620	10242	9629	0.0	929
NKKW01000019.1:1650-3103	NKKT01000018.1:c10593-9146	93.871	620	32	1	1	620	10242	9629	0.0	929
NKKX01000021.1:c4228-2772	NKLD01000019.1:3181-4637	100.000	614	0	0	1	614	4277	3664	0.0	1134
NKKX01000021.1:c4228-2772	NKKX01000021.1:c4228-2772	100.000	614	0	0	1	614	3868	3255	0.0	1134
NKKX01000021.1:c4228-2772	NKKZ01000015.1:1629-3085	99.837	614	1	0	1	614	1989	2602	0.0	1129
NKKX01000021.1:c4228-2772	CP079206.1:233910-234523	99.349	614	4	0	1	614	233910	234523	0.0	1112
NKKX01000021.1:c4228-2772	NKLC01000021.1:1629-3076	99.349	614	4	0	1	614	1980	2593	0.0	1112
NKKX01000021.1:c4228-2772	NKLF01000020.1:c6951-5495	99.186	614	5	0	1	614	6591	5978	0.0	1107
NKKX01000021.1:c4228-2772	NKLJ01000021.1:4824-6280	99.023	614	6	0	1	614	5920	5307	0.0	1101
NKKX01000021.1:c4228-2772	NKLI01000022.1:5053-6509	99.023	614	6	0	1	614	6149	5536	0.0	1101
NKKX01000021.1:c4228-2772	NKKV01000021.1:c6509-5053	99.023	614	6	0	1	614	6149	5536	0.0	1101
NKKX01000021.1:c4228-2772	NKKS01000020.1:c6943-5496	99.023	614	6	0	1	614	6592	5979	0.0	1101
NKKX01000021.1:c4228-2772	NKKR01000020.1:c6943-5496	99.023	614	6	0	1	614	6592	5979	0.0	1101
NKKX01000021.1:c4228-2772	NKLO01000022.1:1629-3085	98.860	614	7	0	1	614	1989	2602	0.0	1096
NKKX01000021.1:c4228-2772	NKLN01000025.1:c6951-5495	98.860	614	7	0	1	614	6591	5978	0.0	1096
NKKX01000021.1:c4228-2772	NKKU01000018.1:1629-3091	98.710	620	2	1	1	614	1989	2608	0.0	1096
NKKX01000021.1:c4228-2772	NKKQ01000018.1:1629-3091	98.710	620	2	1	1	614	1989	2608	0.0	1096
NKKX01000021.1:c4228-2772	CP061006.1:179883-180496	98.371	614	10	0	1	614	179883	180496	0.0	1079
NKKX01000021.1:c4228-2772	CP076522.1:c2116534-2115921	98.208	614	11	0	1	614	2116534	2115921	0.0	1074
NKKX01000021.1:c4228-2772	CP026503.1:c189602-188989	98.208	614	11	0	1	614	189602	188989	0.0	1074
NKKX01000021.1:c4228-2772	NKLH01000021.1:1650-3106	97.883	614	13	0	1	614	2010	2623	0.0	1062
NKKX01000021.1:c4228-2772	NKLA01000017.1:c6948-5495	97.394	614	13	1	1	614	6588	5978	0.0	1042
NKKX01000021.1:c4228-2772	NKKY01000019.1:c6945-5492	97.394	614	13	1	1	614	6585	5975	0.0	1042
NKKX01000021.1:c4228-2772	NKLR01000014.1:c10445-8998	95.603	614	27	0	1	614	10094	9481	0.0	985
NKKX01000021.1:c4228-2772	NKLL01000013.1:1736-3183	95.603	614	27	0	1	614	2087	2700	0.0	985
NKKX01000021.1:c4228-2772	NKLK01000015.1:c8336-7100	95.603	614	27	0	1	614	8196	7583	0.0	985
NKKX01000021.1:c4228-2772	NKLP01000019.1:c10373-8917	95.440	614	28	0	1	614	10013	9400	0.0	979
NKKX01000021.1:c4228-2772	NKLM01000017.1:c10593-9146	94.951	614	31	0	1	614	10242	9629	0.0	963
NKKX01000021.1:c4228-2772	NKLG01000017.1:1840-3287	94.951	614	31	0	1	614	2191	2804	0.0	963
NKKX01000021.1:c4228-2772	NKLE01000019.1:9146-10593	94.951	614	31	0	1	614	10242	9629	0.0	963
NKKX01000021.1:c4228-2772	NKKT01000018.1:c10593-9146	94.951	614	31	0	1	614	10242	9629	0.0	963
NKKX01000021.1:c4228-2772	NKLQ01000019.1:1650-3103	94.677	620	27	2	1	614	2001	2620	0.0	957
NKKX01000021.1:c4228-2772	NKLB01000022.1:1650-3103	94.677	620	27	2	1	614	2001	2620	0.0	957
NKKX01000021.1:c4228-2772	NKKW01000019.1:1650-3103	94.677	620	27	2	1	614	2001	2620	0.0	957
NKKY01000019.1:c6945-5492	NKLA01000017.1:c6948-5495	100.000	611	0	0	1	611	6588	5978	0.0	1129
NKKY01000019.1:c6945-5492	NKKY01000019.1:c6945-5492	100.000	611	0	0	1	611	6585	5975	0.0	1129
NKKY01000019.1:c6945-5492	NKLH01000021.1:1650-3106	99.023	614	3	1	1	611	2010	2623	0.0	1098
NKKY01000019.1:c6945-5492	CP061006.1:179883-180496	98.046	614	9	1	1	611	179883	180496	0.0	1064
NKKY01000019.1:c6945-5492	CP076522.1:c2116534-2115921	97.883	614	10	1	1	611	2116534	2115921	0.0	1059
NKKY01000019.1:c6945-5492	CP026503.1:c189602-188989	97.883	614	10	1	1	611	189602	188989	0.0	1059
NKKY01000019.1:c6945-5492	CP079206.1:233910-234523	97.883	614	10	1	1	611	233910	234523	0.0	1059
NKKY01000019.1:c6945-5492	NKLO01000022.1:1629-3085	97.883	614	10	1	1	611	1989	2602	0.0	1059
NKKY01000019.1:c6945-5492	NKLN01000025.1:c6951-5495	97.883	614	10	1	1	611	6591	5978	0.0	1059
NKKY01000019.1:c6945-5492	NKLC01000021.1:1629-3076	97.883	614	10	1	1	611	1980	2593	0.0	1059
NKKY01000019.1:c6945-5492	NKLJ01000021.1:4824-6280	97.720	614	11	1	1	611	5920	5307	0.0	1053
NKKY01000019.1:c6945-5492	NKLI01000022.1:5053-6509	97.720	614	11	1	1	611	6149	5536	0.0	1053
NKKY01000019.1:c6945-5492	NKLF01000020.1:c6951-5495	97.720	614	11	1	1	611	6591	5978	0.0	1053
NKKY01000019.1:c6945-5492	NKKV01000021.1:c6509-5053	97.720	614	11	1	1	611	6149	5536	0.0	1053
NKKY01000019.1:c6945-5492	NKKS01000020.1:c6943-5496	97.720	614	11	1	1	611	6592	5979	0.0	1053
NKKY01000019.1:c6945-5492	NKKR01000020.1:c6943-5496	97.720	614	11	1	1	611	6592	5979	0.0	1053
NKKY01000019.1:c6945-5492	NKLD01000019.1:3181-4637	97.394	614	13	1	1	611	4277	3664	0.0	1042
NKKY01000019.1:c6945-5492	NKKX01000021.1:c4228-2772	97.394	614	13	1	1	611	3868	3255	0.0	1042
NKKY01000019.1:c6945-5492	NKKZ01000015.1:1629-3085	97.231	614	14	1	1	611	1989	2602	0.0	1037
NKKY01000019.1:c6945-5492	NKKU01000018.1:1629-3091	96.452	620	13	2	1	611	1989	2608	0.0	1014
NKKY01000019.1:c6945-5492	NKKQ01000018.1:1629-3091	96.452	620	13	2	1	611	1989	2608	0.0	1014
NKKY01000019.1:c6945-5492	NKLK01000015.1:c8336-7100	96.098	615	19	3	1	611	8196	7583	0.0	998
NKKY01000019.1:c6945-5492	NKLR01000014.1:c10445-8998	95.928	614	22	1	1	611	10094	9481	0.0	992
NKKY01000019.1:c6945-5492	NKLL01000013.1:1736-3183	95.928	614	22	1	1	611	2087	2700	0.0	992
NKKY01000019.1:c6945-5492	NKLP01000019.1:c10373-8917	95.765	614	23	1	1	611	10013	9400	0.0	987
NKKY01000019.1:c6945-5492	NKLM01000017.1:c10593-9146	95.277	614	26	1	1	611	10242	9629	0.0	970
NKKY01000019.1:c6945-5492	NKLG01000017.1:1840-3287	95.277	614	26	1	1	611	2191	2804	0.0	970
NKKY01000019.1:c6945-5492	NKLE01000019.1:9146-10593	95.277	614	26	1	1	611	10242	9629	0.0	970
NKKY01000019.1:c6945-5492	NKKT01000018.1:c10593-9146	95.277	614	26	1	1	611	10242	9629	0.0	970
NKKY01000019.1:c6945-5492	NKLQ01000019.1:1650-3103	94.839	620	23	2	1	611	2001	2620	0.0	959
NKKY01000019.1:c6945-5492	NKLB01000022.1:1650-3103	94.839	620	23	2	1	611	2001	2620	0.0	959
NKKY01000019.1:c6945-5492	NKKW01000019.1:1650-3103	94.839	620	23	2	1	611	2001	2620	0.0	959
NKKZ01000015.1:1629-3085	NKKZ01000015.1:1629-3085	100.000	614	0	0	1	614	1989	2602	0.0	1134
NKKZ01000015.1:1629-3085	NKLD01000019.1:3181-4637	99.837	614	1	0	1	614	4277	3664	0.0	1129
NKKZ01000015.1:1629-3085	NKKX01000021.1:c4228-2772	99.837	614	1	0	1	614	3868	3255	0.0	1129
NKKZ01000015.1:1629-3085	CP079206.1:233910-234523	99.186	614	5	0	1	614	233910	234523	0.0	1107
NKKZ01000015.1:1629-3085	NKLC01000021.1:1629-3076	99.186	614	5	0	1	614	1980	2593	0.0	1107
NKKZ01000015.1:1629-3085	NKLF01000020.1:c6951-5495	99.023	614	6	0	1	614	6591	5978	0.0	1101
NKKZ01000015.1:1629-3085	NKKU01000018.1:1629-3091	98.871	620	1	1	1	614	1989	2608	0.0	1101
NKKZ01000015.1:1629-3085	NKKQ01000018.1:1629-3091	98.871	620	1	1	1	614	1989	2608	0.0	1101
NKKZ01000015.1:1629-3085	NKLJ01000021.1:4824-6280	98.860	614	7	0	1	614	5920	5307	0.0	1096
NKKZ01000015.1:1629-3085	NKLI01000022.1:5053-6509	98.860	614	7	0	1	614	6149	5536	0.0	1096
NKKZ01000015.1:1629-3085	NKKV01000021.1:c6509-5053	98.860	614	7	0	1	614	6149	5536	0.0	1096
NKKZ01000015.1:1629-3085	NKKS01000020.1:c6943-5496	98.860	614	7	0	1	614	6592	5979	0.0	1096
NKKZ01000015.1:1629-3085	NKKR01000020.1:c6943-5496	98.860	614	7	0	1	614	6592	5979	0.0	1096
NKKZ01000015.1:1629-3085	NKLO01000022.1:1629-3085	98.697	614	8	0	1	614	1989	2602	0.0	1090
NKKZ01000015.1:1629-3085	NKLN01000025.1:c6951-5495	98.697	614	8	0	1	614	6591	5978	0.0	1090
NKKZ01000015.1:1629-3085	CP061006.1:179883-180496	98.208	614	11	0	1	614	179883	180496	0.0	1074
NKKZ01000015.1:1629-3085	CP076522.1:c2116534-2115921	98.046	614	12	0	1	614	2116534	2115921	0.0	1068
NKKZ01000015.1:1629-3085	CP026503.1:c189602-188989	98.046	614	12	0	1	614	189602	188989	0.0	1068
NKKZ01000015.1:1629-3085	NKLH01000021.1:1650-3106	97.720	614	14	0	1	614	2010	2623	0.0	1057
NKKZ01000015.1:1629-3085	NKLA01000017.1:c6948-5495	97.231	614	14	1	1	614	6588	5978	0.0	1037
NKKZ01000015.1:1629-3085	NKKY01000019.1:c6945-5492	97.231	614	14	1	1	614	6585	5975	0.0	1037
NKKZ01000015.1:1629-3085	NKLR01000014.1:c10445-8998	95.440	614	28	0	1	614	10094	9481	0.0	979
NKKZ01000015.1:1629-3085	NKLL01000013.1:1736-3183	95.440	614	28	0	1	614	2087	2700	0.0	979
NKKZ01000015.1:1629-3085	NKLK01000015.1:c8336-7100	95.440	614	28	0	1	614	8196	7583	0.0	979
NKKZ01000015.1:1629-3085	NKLP01000019.1:c10373-8917	95.277	614	29	0	1	614	10013	9400	0.0	974
NKKZ01000015.1:1629-3085	NKLM01000017.1:c10593-9146	94.788	614	32	0	1	614	10242	9629	0.0	957
NKKZ01000015.1:1629-3085	NKLG01000017.1:1840-3287	94.788	614	32	0	1	614	2191	2804	0.0	957
NKKZ01000015.1:1629-3085	NKLE01000019.1:9146-10593	94.788	614	32	0	1	614	10242	9629	0.0	957
NKKZ01000015.1:1629-3085	NKKT01000018.1:c10593-9146	94.788	614	32	0	1	614	10242	9629	0.0	957
NKKZ01000015.1:1629-3085	NKLQ01000019.1:1650-3103	94.516	620	28	2	1	614	2001	2620	0.0	952
NKKZ01000015.1:1629-3085	NKLB01000022.1:1650-3103	94.516	620	28	2	1	614	2001	2620	0.0	952
NKKZ01000015.1:1629-3085	NKKW01000019.1:1650-3103	94.516	620	28	2	1	614	2001	2620	0.0	952
NKLA01000017.1:c6948-5495	NKLA01000017.1:c6948-5495	100.000	611	0	0	1	611	6588	5978	0.0	1129
NKLA01000017.1:c6948-5495	NKKY01000019.1:c6945-5492	100.000	611	0	0	1	611	6585	5975	0.0	1129
NKLA01000017.1:c6948-5495	NKLH01000021.1:1650-3106	99.023	614	3	1	1	611	2010	2623	0.0	1098
NKLA01000017.1:c6948-5495	CP061006.1:179883-180496	98.046	614	9	1	1	611	179883	180496	0.0	1064
NKLA01000017.1:c6948-5495	CP076522.1:c2116534-2115921	97.883	614	10	1	1	611	2116534	2115921	0.0	1059
NKLA01000017.1:c6948-5495	CP026503.1:c189602-188989	97.883	614	10	1	1	611	189602	188989	0.0	1059
NKLA01000017.1:c6948-5495	CP079206.1:233910-234523	97.883	614	10	1	1	611	233910	234523	0.0	1059
NKLA01000017.1:c6948-5495	NKLO01000022.1:1629-3085	97.883	614	10	1	1	611	1989	2602	0.0	1059
NKLA01000017.1:c6948-5495	NKLN01000025.1:c6951-5495	97.883	614	10	1	1	611	6591	5978	0.0	1059
NKLA01000017.1:c6948-5495	NKLC01000021.1:1629-3076	97.883	614	10	1	1	611	1980	2593	0.0	1059
NKLA01000017.1:c6948-5495	NKLJ01000021.1:4824-6280	97.720	614	11	1	1	611	5920	5307	0.0	1053
NKLA01000017.1:c6948-5495	NKLI01000022.1:5053-6509	97.720	614	11	1	1	611	6149	5536	0.0	1053
NKLA01000017.1:c6948-5495	NKLF01000020.1:c6951-5495	97.720	614	11	1	1	611	6591	5978	0.0	1053
NKLA01000017.1:c6948-5495	NKKV01000021.1:c6509-5053	97.720	614	11	1	1	611	6149	5536	0.0	1053
NKLA01000017.1:c6948-5495	NKKS01000020.1:c6943-5496	97.720	614	11	1	1	611	6592	5979	0.0	1053
NKLA01000017.1:c6948-5495	NKKR01000020.1:c6943-5496	97.720	614	11	1	1	611	6592	5979	0.0	1053
NKLA01000017.1:c6948-5495	NKLD01000019.1:3181-4637	97.394	614	13	1	1	611	4277	3664	0.0	1042
NKLA01000017.1:c6948-5495	NKKX01000021.1:c4228-2772	97.394	614	13	1	1	611	3868	3255	0.0	1042
NKLA01000017.1:c6948-5495	NKKZ01000015.1:1629-3085	97.231	614	14	1	1	611	1989	2602	0.0	1037
NKLA01000017.1:c6948-5495	NKKU01000018.1:1629-3091	96.452	620	13	2	1	611	1989	2608	0.0	1014
NKLA01000017.1:c6948-5495	NKKQ01000018.1:1629-3091	96.452	620	13	2	1	611	1989	2608	0.0	1014
NKLA01000017.1:c6948-5495	NKLK01000015.1:c8336-7100	96.098	615	19	3	1	611	8196	7583	0.0	998
NKLA01000017.1:c6948-5495	NKLR01000014.1:c10445-8998	95.928	614	22	1	1	611	10094	9481	0.0	992
NKLA01000017.1:c6948-5495	NKLL01000013.1:1736-3183	95.928	614	22	1	1	611	2087	2700	0.0	992
NKLA01000017.1:c6948-5495	NKLP01000019.1:c10373-8917	95.765	614	23	1	1	611	10013	9400	0.0	987
NKLA01000017.1:c6948-5495	NKLM01000017.1:c10593-9146	95.277	614	26	1	1	611	10242	9629	0.0	970
NKLA01000017.1:c6948-5495	NKLG01000017.1:1840-3287	95.277	614	26	1	1	611	2191	2804	0.0	970
NKLA01000017.1:c6948-5495	NKLE01000019.1:9146-10593	95.277	614	26	1	1	611	10242	9629	0.0	970
NKLA01000017.1:c6948-5495	NKKT01000018.1:c10593-9146	95.277	614	26	1	1	611	10242	9629	0.0	970
NKLA01000017.1:c6948-5495	NKLQ01000019.1:1650-3103	94.839	620	23	2	1	611	2001	2620	0.0	959
NKLA01000017.1:c6948-5495	NKLB01000022.1:1650-3103	94.839	620	23	2	1	611	2001	2620	0.0	959
NKLA01000017.1:c6948-5495	NKKW01000019.1:1650-3103	94.839	620	23	2	1	611	2001	2620	0.0	959
NKLB01000022.1:1650-3103	NKLQ01000019.1:1650-3103	100.000	620	0	0	1	620	2001	2620	0.0	1146
NKLB01000022.1:1650-3103	NKLB01000022.1:1650-3103	100.000	620	0	0	1	620	2001	2620	0.0	1146
NKLB01000022.1:1650-3103	NKKW01000019.1:1650-3103	100.000	620	0	0	1	620	2001	2620	0.0	1146
NKLB01000022.1:1650-3103	NKLH01000021.1:1650-3106	95.484	620	22	1	1	620	2010	2623	0.0	985
NKLB01000022.1:1650-3103	CP079206.1:233910-234523	95.323	620	23	2	1	620	233910	234523	0.0	979
NKLB01000022.1:1650-3103	NKLC01000021.1:1629-3076	95.323	620	23	2	1	620	1980	2593	0.0	979
NKLB01000022.1:1650-3103	CP076522.1:c2116534-2115921	95.161	620	24	2	1	620	2116534	2115921	0.0	974
NKLB01000022.1:1650-3103	CP061006.1:179883-180496	95.161	620	24	2	1	620	179883	180496	0.0	974
NKLB01000022.1:1650-3103	NKLF01000020.1:c6951-5495	95.161	620	24	2	1	620	6591	5978	0.0	974
NKLB01000022.1:1650-3103	CP026503.1:c189602-188989	95.000	620	25	2	1	620	189602	188989	0.0	968
NKLB01000022.1:1650-3103	NKLO01000022.1:1629-3085	95.000	620	25	2	1	620	1989	2602	0.0	968
NKLB01000022.1:1650-3103	NKLN01000025.1:c6951-5495	95.000	620	25	2	1	620	6591	5978	0.0	968
NKLB01000022.1:1650-3103	NKLJ01000021.1:4824-6280	94.839	620	26	2	1	620	5920	5307	0.0	963
NKLB01000022.1:1650-3103	NKLI01000022.1:5053-6509	94.839	620	26	2	1	620	6149	5536	0.0	963
NKLB01000022.1:1650-3103	NKKV01000021.1:c6509-5053	94.839	620	26	2	1	620	6149	5536	0.0	963
NKLB01000022.1:1650-3103	NKKS01000020.1:c6943-5496	94.839	620	26	2	1	620	6592	5979	0.0	963
NKLB01000022.1:1650-3103	NKKR01000020.1:c6943-5496	94.839	620	26	2	1	620	6592	5979	0.0	963
NKLB01000022.1:1650-3103	NKLA01000017.1:c6948-5495	94.839	620	23	2	1	620	6588	5978	0.0	959
NKLB01000022.1:1650-3103	NKKY01000019.1:c6945-5492	94.839	620	23	2	1	620	6585	5975	0.0	959
NKLB01000022.1:1650-3103	NKLD01000019.1:3181-4637	94.677	620	27	2	1	620	4277	3664	0.0	957
NKLB01000022.1:1650-3103	NKKX01000021.1:c4228-2772	94.677	620	27	2	1	620	3868	3255	0.0	957
NKLB01000022.1:1650-3103	NKKZ01000015.1:1629-3085	94.516	620	28	2	1	620	1989	2602	0.0	952
NKLB01000022.1:1650-3103	NKLR01000014.1:c10445-8998	94.203	621	28	3	1	620	10094	9481	0.0	941
NKLB01000022.1:1650-3103	NKLL01000013.1:1736-3183	94.203	621	28	3	1	620	2087	2700	0.0	941
NKLB01000022.1:1650-3103	NKLP01000019.1:c10373-8917	94.042	621	29	3	1	620	10013	9400	0.0	935
NKLB01000022.1:1650-3103	NKLK01000015.1:c8336-7100	94.042	621	29	3	1	620	8196	7583	0.0	935
NKLB01000022.1:1650-3103	NKKU01000018.1:1629-3091	93.930	626	26	5	1	620	1989	2608	0.0	935
NKLB01000022.1:1650-3103	NKKQ01000018.1:1629-3091	93.930	626	26	5	1	620	1989	2608	0.0	935
NKLB01000022.1:1650-3103	NKLM01000017.1:c10593-9146	93.871	620	32	1	1	620	10242	9629	0.0	929
NKLB01000022.1:1650-3103	NKLG01000017.1:1840-3287	93.871	620	32	1	1	620	2191	2804	0.0	929
NKLB01000022.1:1650-3103	NKLE01000019.1:9146-10593	93.871	620	32	1	1	620	10242	9629	0.0	929
NKLB01000022.1:1650-3103	NKKT01000018.1:c10593-9146	93.871	620	32	1	1	620	10242	9629	0.0	929
NKLC01000021.1:1629-3076	CP079206.1:233910-234523	100.000	614	0	0	1	614	233910	234523	0.0	1134
NKLC01000021.1:1629-3076	NKLC01000021.1:1629-3076	100.000	614	0	0	1	614	1980	2593	0.0	1134
NKLC01000021.1:1629-3076	NKLF01000020.1:c6951-5495	99.837	614	1	0	1	614	6591	5978	0.0	1129
NKLC01000021.1:1629-3076	NKKS01000020.1:c6943-5496	99.511	614	3	0	1	614	6592	5979	0.0	1118
NKLC01000021.1:1629-3076	NKKR01000020.1:c6943-5496	99.511	614	3	0	1	614	6592	5979	0.0	1118
NKLC01000021.1:1629-3076	NKLO01000022.1:1629-3085	99.349	614	4	0	1	614	1989	2602	0.0	1112
NKLC01000021.1:1629-3076	NKLN01000025.1:c6951-5495	99.349	614	4	0	1	614	6591	5978	0.0	1112
NKLC01000021.1:1629-3076	NKLD01000019.1:3181-4637	99.349	614	4	0	1	614	4277	3664	0.0	1112
NKLC01000021.1:1629-3076	NKKX01000021.1:c4228-2772	99.349	614	4	0	1	614	3868	3255	0.0	1112
NKLC01000021.1:1629-3076	NKLJ01000021.1:4824-6280	99.186	614	5	0	1	614	5920	5307	0.0	1107
NKLC01000021.1:1629-3076	NKLI01000022.1:5053-6509	99.186	614	5	0	1	614	6149	5536	0.0	1107
NKLC01000021.1:1629-3076	NKKZ01000015.1:1629-3085	99.186	614	5	0	1	614	1989	2602	0.0	1107
NKLC01000021.1:1629-3076	NKKV01000021.1:c6509-5053	99.186	614	5	0	1	614	6149	5536	0.0	1107
NKLC01000021.1:1629-3076	CP061006.1:179883-180496	98.697	614	8	0	1	614	179883	180496	0.0	1090
NKLC01000021.1:1629-3076	CP076522.1:c2116534-2115921	98.534	614	9	0	1	614	2116534	2115921	0.0	1085
NKLC01000021.1:1629-3076	CP026503.1:c189602-188989	98.534	614	9	0	1	614	189602	188989	0.0	1085
NKLC01000021.1:1629-3076	NKLH01000021.1:1650-3106	98.534	614	9	0	1	614	2010	2623	0.0	1085
NKLC01000021.1:1629-3076	NKKU01000018.1:1629-3091	98.387	620	4	1	1	614	1989	2608	0.0	1085
NKLC01000021.1:1629-3076	NKKQ01000018.1:1629-3091	98.387	620	4	1	1	614	1989	2608	0.0	1085
NKLC01000021.1:1629-3076	NKLA01000017.1:c6948-5495	97.883	614	10	1	1	614	6588	5978	0.0	1059
NKLC01000021.1:1629-3076	NKKY01000019.1:c6945-5492	97.883	614	10	1	1	614	6585	5975	0.0	1059
NKLC01000021.1:1629-3076	NKLR01000014.1:c10445-8998	96.091	614	24	0	1	614	10094	9481	0.0	1002
NKLC01000021.1:1629-3076	NKLL01000013.1:1736-3183	96.091	614	24	0	1	614	2087	2700	0.0	1002
NKLC01000021.1:1629-3076	NKLK01000015.1:c8336-7100	96.091	614	24	0	1	614	8196	7583	0.0	1002
NKLC01000021.1:1629-3076	NKLP01000019.1:c10373-8917	95.928	614	25	0	1	614	10013	9400	0.0	996
NKLC01000021.1:1629-3076	NKLQ01000019.1:1650-3103	95.323	620	23	2	1	614	2001	2620	0.0	979
NKLC01000021.1:1629-3076	NKLM01000017.1:c10593-9146	95.440	614	28	0	1	614	10242	9629	0.0	979
NKLC01000021.1:1629-3076	NKLG01000017.1:1840-3287	95.440	614	28	0	1	614	2191	2804	0.0	979
NKLC01000021.1:1629-3076	NKLE01000019.1:9146-10593	95.440	614	28	0	1	614	10242	9629	0.0	979
NKLC01000021.1:1629-3076	NKLB01000022.1:1650-3103	95.323	620	23	2	1	614	2001	2620	0.0	979
NKLC01000021.1:1629-3076	NKKW01000019.1:1650-3103	95.323	620	23	2	1	614	2001	2620	0.0	979
NKLC01000021.1:1629-3076	NKKT01000018.1:c10593-9146	95.440	614	28	0	1	614	10242	9629	0.0	979
NKLD01000019.1:3181-4637	NKLD01000019.1:3181-4637	100.000	614	0	0	1	614	4277	3664	0.0	1134
NKLD01000019.1:3181-4637	NKKX01000021.1:c4228-2772	100.000	614	0	0	1	614	3868	3255	0.0	1134
NKLD01000019.1:3181-4637	NKKZ01000015.1:1629-3085	99.837	614	1	0	1	614	1989	2602	0.0	1129
NKLD01000019.1:3181-4637	CP079206.1:233910-234523	99.349	614	4	0	1	614	233910	234523	0.0	1112
NKLD01000019.1:3181-4637	NKLC01000021.1:1629-3076	99.349	614	4	0	1	614	1980	2593	0.0	1112
NKLD01000019.1:3181-4637	NKLF01000020.1:c6951-5495	99.186	614	5	0	1	614	6591	5978	0.0	1107
NKLD01000019.1:3181-4637	NKLJ01000021.1:4824-6280	99.023	614	6	0	1	614	5920	5307	0.0	1101
NKLD01000019.1:3181-4637	NKLI01000022.1:5053-6509	99.023	614	6	0	1	614	6149	5536	0.0	1101
NKLD01000019.1:3181-4637	NKKV01000021.1:c6509-5053	99.023	614	6	0	1	614	6149	5536	0.0	1101
NKLD01000019.1:3181-4637	NKKS01000020.1:c6943-5496	99.023	614	6	0	1	614	6592	5979	0.0	1101
NKLD01000019.1:3181-4637	NKKR01000020.1:c6943-5496	99.023	614	6	0	1	614	6592	5979	0.0	1101
NKLD01000019.1:3181-4637	NKLO01000022.1:1629-3085	98.860	614	7	0	1	614	1989	2602	0.0	1096
NKLD01000019.1:3181-4637	NKLN01000025.1:c6951-5495	98.860	614	7	0	1	614	6591	5978	0.0	1096
NKLD01000019.1:3181-4637	NKKU01000018.1:1629-3091	98.710	620	2	1	1	614	1989	2608	0.0	1096
NKLD01000019.1:3181-4637	NKKQ01000018.1:1629-3091	98.710	620	2	1	1	614	1989	2608	0.0	1096
NKLD01000019.1:3181-4637	CP061006.1:179883-180496	98.371	614	10	0	1	614	179883	180496	0.0	1079
NKLD01000019.1:3181-4637	CP076522.1:c2116534-2115921	98.208	614	11	0	1	614	2116534	2115921	0.0	1074
NKLD01000019.1:3181-4637	CP026503.1:c189602-188989	98.208	614	11	0	1	614	189602	188989	0.0	1074
NKLD01000019.1:3181-4637	NKLH01000021.1:1650-3106	97.883	614	13	0	1	614	2010	2623	0.0	1062
NKLD01000019.1:3181-4637	NKLA01000017.1:c6948-5495	97.394	614	13	1	1	614	6588	5978	0.0	1042
NKLD01000019.1:3181-4637	NKKY01000019.1:c6945-5492	97.394	614	13	1	1	614	6585	5975	0.0	1042
NKLD01000019.1:3181-4637	NKLR01000014.1:c10445-8998	95.603	614	27	0	1	614	10094	9481	0.0	985
NKLD01000019.1:3181-4637	NKLL01000013.1:1736-3183	95.603	614	27	0	1	614	2087	2700	0.0	985
NKLD01000019.1:3181-4637	NKLK01000015.1:c8336-7100	95.603	614	27	0	1	614	8196	7583	0.0	985
NKLD01000019.1:3181-4637	NKLP01000019.1:c10373-8917	95.440	614	28	0	1	614	10013	9400	0.0	979
NKLD01000019.1:3181-4637	NKLM01000017.1:c10593-9146	94.951	614	31	0	1	614	10242	9629	0.0	963
NKLD01000019.1:3181-4637	NKLG01000017.1:1840-3287	94.951	614	31	0	1	614	2191	2804	0.0	963
NKLD01000019.1:3181-4637	NKLE01000019.1:9146-10593	94.951	614	31	0	1	614	10242	9629	0.0	963
NKLD01000019.1:3181-4637	NKKT01000018.1:c10593-9146	94.951	614	31	0	1	614	10242	9629	0.0	963
NKLD01000019.1:3181-4637	NKLQ01000019.1:1650-3103	94.677	620	27	2	1	614	2001	2620	0.0	957
NKLD01000019.1:3181-4637	NKLB01000022.1:1650-3103	94.677	620	27	2	1	614	2001	2620	0.0	957
NKLD01000019.1:3181-4637	NKKW01000019.1:1650-3103	94.677	620	27	2	1	614	2001	2620	0.0	957
NKLE01000019.1:9146-10593	NKLM01000017.1:c10593-9146	100.000	614	0	0	1	614	10242	9629	0.0	1134
NKLE01000019.1:9146-10593	NKLG01000017.1:1840-3287	100.000	614	0	0	1	614	2191	2804	0.0	1134
NKLE01000019.1:9146-10593	NKLE01000019.1:9146-10593	100.000	614	0	0	1	614	10242	9629	0.0	1134
NKLE01000019.1:9146-10593	NKKT01000018.1:c10593-9146	100.000	614	0	0	1	614	10242	9629	0.0	1134
NKLE01000019.1:9146-10593	NKLR01000014.1:c10445-8998	99.023	614	6	0	1	614	10094	9481	0.0	1101
NKLE01000019.1:9146-10593	NKLL01000013.1:1736-3183	99.023	614	6	0	1	614	2087	2700	0.0	1101
NKLE01000019.1:9146-10593	NKLK01000015.1:c8336-7100	98.860	614	7	0	1	614	8196	7583	0.0	1096
NKLE01000019.1:9146-10593	NKLP01000019.1:c10373-8917	98.697	614	8	0	1	614	10013	9400	0.0	1090
NKLE01000019.1:9146-10593	CP076522.1:c2116534-2115921	95.603	614	27	0	1	614	2116534	2115921	0.0	985
NKLE01000019.1:9146-10593	CP061006.1:179883-180496	95.603	614	27	0	1	614	179883	180496	0.0	985
NKLE01000019.1:9146-10593	NKLH01000021.1:1650-3106	95.603	614	27	0	1	614	2010	2623	0.0	985
NKLE01000019.1:9146-10593	CP026503.1:c189602-188989	95.440	614	28	0	1	614	189602	188989	0.0	979
NKLE01000019.1:9146-10593	CP079206.1:233910-234523	95.440	614	28	0	1	614	233910	234523	0.0	979
NKLE01000019.1:9146-10593	NKLO01000022.1:1629-3085	95.440	614	28	0	1	614	1989	2602	0.0	979
NKLE01000019.1:9146-10593	NKLN01000025.1:c6951-5495	95.440	614	28	0	1	614	6591	5978	0.0	979
NKLE01000019.1:9146-10593	NKLC01000021.1:1629-3076	95.440	614	28	0	1	614	1980	2593	0.0	979
NKLE01000019.1:9146-10593	NKLJ01000021.1:4824-6280	95.277	614	29	0	1	614	5920	5307	0.0	974
NKLE01000019.1:9146-10593	NKLI01000022.1:5053-6509	95.277	614	29	0	1	614	6149	5536	0.0	974
NKLE01000019.1:9146-10593	NKLF01000020.1:c6951-5495	95.277	614	29	0	1	614	6591	5978	0.0	974
NKLE01000019.1:9146-10593	NKKV01000021.1:c6509-5053	95.277	614	29	0	1	614	6149	5536	0.0	974
NKLE01000019.1:9146-10593	NKKS01000020.1:c6943-5496	95.277	614	29	0	1	614	6592	5979	0.0	974
NKLE01000019.1:9146-10593	NKKR01000020.1:c6943-5496	95.277	614	29	0	1	614	6592	5979	0.0	974
NKLE01000019.1:9146-10593	NKLA01000017.1:c6948-5495	95.277	614	26	1	1	614	6588	5978	0.0	970
NKLE01000019.1:9146-10593	NKKY01000019.1:c6945-5492	95.277	614	26	1	1	614	6585	5975	0.0	970
NKLE01000019.1:9146-10593	NKLD01000019.1:3181-4637	94.951	614	31	0	1	614	4277	3664	0.0	963
NKLE01000019.1:9146-10593	NKKX01000021.1:c4228-2772	94.951	614	31	0	1	614	3868	3255	0.0	963
NKLE01000019.1:9146-10593	NKKZ01000015.1:1629-3085	94.788	614	32	0	1	614	1989	2602	0.0	957
NKLE01000019.1:9146-10593	NKKU01000018.1:1629-3091	94.194	620	30	2	1	614	1989	2608	0.0	941
NKLE01000019.1:9146-10593	NKKQ01000018.1:1629-3091	94.194	620	30	2	1	614	1989	2608	0.0	941
NKLE01000019.1:9146-10593	NKLQ01000019.1:1650-3103	93.871	620	32	1	1	614	2001	2620	0.0	929
NKLE01000019.1:9146-10593	NKLB01000022.1:1650-3103	93.871	620	32	1	1	614	2001	2620	0.0	929
NKLE01000019.1:9146-10593	NKKW01000019.1:1650-3103	93.871	620	32	1	1	614	2001	2620	0.0	929
NKLF01000020.1:c6951-5495	NKLF01000020.1:c6951-5495	100.000	614	0	0	1	614	6591	5978	0.0	1134
NKLF01000020.1:c6951-5495	CP079206.1:233910-234523	99.837	614	1	0	1	614	233910	234523	0.0	1129
NKLF01000020.1:c6951-5495	NKLC01000021.1:1629-3076	99.837	614	1	0	1	614	1980	2593	0.0	1129
NKLF01000020.1:c6951-5495	NKKS01000020.1:c6943-5496	99.349	614	4	0	1	614	6592	5979	0.0	1112
NKLF01000020.1:c6951-5495	NKKR01000020.1:c6943-5496	99.349	614	4	0	1	614	6592	5979	0.0	1112
NKLF01000020.1:c6951-5495	NKLO01000022.1:1629-3085	99.186	614	5	0	1	614	1989	2602	0.0	1107
NKLF01000020.1:c6951-5495	NKLN01000025.1:c6951-5495	99.186	614	5	0	1	614	6591	5978	0.0	1107
NKLF01000020.1:c6951-5495	NKLD01000019.1:3181-4637	99.186	614	5	0	1	614	4277	3664	0.0	1107
NKLF01000020.1:c6951-5495	NKKX01000021.1:c4228-2772	99.186	614	5	0	1	614	3868	3255	0.0	1107
NKLF01000020.1:c6951-5495	NKLJ01000021.1:4824-6280	99.023	614	6	0	1	614	5920	5307	0.0	1101
NKLF01000020.1:c6951-5495	NKLI01000022.1:5053-6509	99.023	614	6	0	1	614	6149	5536	0.0	1101
NKLF01000020.1:c6951-5495	NKKZ01000015.1:1629-3085	99.023	614	6	0	1	614	1989	2602	0.0	1101
NKLF01000020.1:c6951-5495	NKKV01000021.1:c6509-5053	99.023	614	6	0	1	614	6149	5536	0.0	1101
NKLF01000020.1:c6951-5495	CP061006.1:179883-180496	98.534	614	9	0	1	614	179883	180496	0.0	1085
NKLF01000020.1:c6951-5495	CP076522.1:c2116534-2115921	98.371	614	10	0	1	614	2116534	2115921	0.0	1079
NKLF01000020.1:c6951-5495	CP026503.1:c189602-188989	98.371	614	10	0	1	614	189602	188989	0.0	1079
NKLF01000020.1:c6951-5495	NKLH01000021.1:1650-3106	98.371	614	10	0	1	614	2010	2623	0.0	1079
NKLF01000020.1:c6951-5495	NKKU01000018.1:1629-3091	98.226	620	5	1	1	614	1989	2608	0.0	1079
NKLF01000020.1:c6951-5495	NKKQ01000018.1:1629-3091	98.226	620	5	1	1	614	1989	2608	0.0	1079
NKLF01000020.1:c6951-5495	NKLA01000017.1:c6948-5495	97.720	614	11	1	1	614	6588	5978	0.0	1053
NKLF01000020.1:c6951-5495	NKKY01000019.1:c6945-5492	97.720	614	11	1	1	614	6585	5975	0.0	1053
NKLF01000020.1:c6951-5495	NKLR01000014.1:c10445-8998	95.928	614	25	0	1	614	10094	9481	0.0	996
NKLF01000020.1:c6951-5495	NKLL01000013.1:1736-3183	95.928	614	25	0	1	614	2087	2700	0.0	996
NKLF01000020.1:c6951-5495	NKLK01000015.1:c8336-7100	95.928	614	25	0	1	614	8196	7583	0.0	996
NKLF01000020.1:c6951-5495	NKLP01000019.1:c10373-8917	95.765	614	26	0	1	614	10013	9400	0.0	990
NKLF01000020.1:c6951-5495	NKLQ01000019.1:1650-3103	95.161	620	24	2	1	614	2001	2620	0.0	974
NKLF01000020.1:c6951-5495	NKLM01000017.1:c10593-9146	95.277	614	29	0	1	614	10242	9629	0.0	974
NKLF01000020.1:c6951-5495	NKLG01000017.1:1840-3287	95.277	614	29	0	1	614	2191	2804	0.0	974
NKLF01000020.1:c6951-5495	NKLE01000019.1:9146-10593	95.277	614	29	0	1	614	10242	9629	0.0	974
NKLF01000020.1:c6951-5495	NKLB01000022.1:1650-3103	95.161	620	24	2	1	614	2001	2620	0.0	974
NKLF01000020.1:c6951-5495	NKKW01000019.1:1650-3103	95.161	620	24	2	1	614	2001	2620	0.0	974
NKLF01000020.1:c6951-5495	NKKT01000018.1:c10593-9146	95.277	614	29	0	1	614	10242	9629	0.0	974
NKLG01000017.1:1840-3287	NKLM01000017.1:c10593-9146	100.000	614	0	0	1	614	10242	9629	0.0	1134
NKLG01000017.1:1840-3287	NKLG01000017.1:1840-3287	100.000	614	0	0	1	614	2191	2804	0.0	1134
NKLG01000017.1:1840-3287	NKLE01000019.1:9146-10593	100.000	614	0	0	1	614	10242	9629	0.0	1134
NKLG01000017.1:1840-3287	NKKT01000018.1:c10593-9146	100.000	614	0	0	1	614	10242	9629	0.0	1134
NKLG01000017.1:1840-3287	NKLR01000014.1:c10445-8998	99.023	614	6	0	1	614	10094	9481	0.0	1101
NKLG01000017.1:1840-3287	NKLL01000013.1:1736-3183	99.023	614	6	0	1	614	2087	2700	0.0	1101
NKLG01000017.1:1840-3287	NKLK01000015.1:c8336-7100	98.860	614	7	0	1	614	8196	7583	0.0	1096
NKLG01000017.1:1840-3287	NKLP01000019.1:c10373-8917	98.697	614	8	0	1	614	10013	9400	0.0	1090
NKLG01000017.1:1840-3287	CP076522.1:c2116534-2115921	95.603	614	27	0	1	614	2116534	2115921	0.0	985
NKLG01000017.1:1840-3287	CP061006.1:179883-180496	95.603	614	27	0	1	614	179883	180496	0.0	985
NKLG01000017.1:1840-3287	NKLH01000021.1:1650-3106	95.603	614	27	0	1	614	2010	2623	0.0	985
NKLG01000017.1:1840-3287	CP026503.1:c189602-188989	95.440	614	28	0	1	614	189602	188989	0.0	979
NKLG01000017.1:1840-3287	CP079206.1:233910-234523	95.440	614	28	0	1	614	233910	234523	0.0	979
NKLG01000017.1:1840-3287	NKLO01000022.1:1629-3085	95.440	614	28	0	1	614	1989	2602	0.0	979
NKLG01000017.1:1840-3287	NKLN01000025.1:c6951-5495	95.440	614	28	0	1	614	6591	5978	0.0	979
NKLG01000017.1:1840-3287	NKLC01000021.1:1629-3076	95.440	614	28	0	1	614	1980	2593	0.0	979
NKLG01000017.1:1840-3287	NKLJ01000021.1:4824-6280	95.277	614	29	0	1	614	5920	5307	0.0	974
NKLG01000017.1:1840-3287	NKLI01000022.1:5053-6509	95.277	614	29	0	1	614	6149	5536	0.0	974
NKLG01000017.1:1840-3287	NKLF01000020.1:c6951-5495	95.277	614	29	0	1	614	6591	5978	0.0	974
NKLG01000017.1:1840-3287	NKKV01000021.1:c6509-5053	95.277	614	29	0	1	614	6149	5536	0.0	974
NKLG01000017.1:1840-3287	NKKS01000020.1:c6943-5496	95.277	614	29	0	1	614	6592	5979	0.0	974
NKLG01000017.1:1840-3287	NKKR01000020.1:c6943-5496	95.277	614	29	0	1	614	6592	5979	0.0	974
NKLG01000017.1:1840-3287	NKLA01000017.1:c6948-5495	95.277	614	26	1	1	614	6588	5978	0.0	970
NKLG01000017.1:1840-3287	NKKY01000019.1:c6945-5492	95.277	614	26	1	1	614	6585	5975	0.0	970
NKLG01000017.1:1840-3287	NKLD01000019.1:3181-4637	94.951	614	31	0	1	614	4277	3664	0.0	963
NKLG01000017.1:1840-3287	NKKX01000021.1:c4228-2772	94.951	614	31	0	1	614	3868	3255	0.0	963
NKLG01000017.1:1840-3287	NKKZ01000015.1:1629-3085	94.788	614	32	0	1	614	1989	2602	0.0	957
NKLG01000017.1:1840-3287	NKKU01000018.1:1629-3091	94.194	620	30	2	1	614	1989	2608	0.0	941
NKLG01000017.1:1840-3287	NKKQ01000018.1:1629-3091	94.194	620	30	2	1	614	1989	2608	0.0	941
NKLG01000017.1:1840-3287	NKLQ01000019.1:1650-3103	93.871	620	32	1	1	614	2001	2620	0.0	929
NKLG01000017.1:1840-3287	NKLB01000022.1:1650-3103	93.871	620	32	1	1	614	2001	2620	0.0	929
NKLG01000017.1:1840-3287	NKKW01000019.1:1650-3103	93.871	620	32	1	1	614	2001	2620	0.0	929
NKLH01000021.1:1650-3106	NKLH01000021.1:1650-3106	100.000	614	0	0	1	614	2010	2623	0.0	1134
NKLH01000021.1:1650-3106	NKLA01000017.1:c6948-5495	99.023	614	3	1	1	614	6588	5978	0.0	1098
NKLH01000021.1:1650-3106	NKKY01000019.1:c6945-5492	99.023	614	3	1	1	614	6585	5975	0.0	1098
NKLH01000021.1:1650-3106	CP061006.1:179883-180496	98.534	614	9	0	1	614	179883	180496	0.0	1085
NKLH01000021.1:1650-3106	CP079206.1:233910-234523	98.534	614	9	0	1	614	233910	234523	0.0	1085
NKLH01000021.1:1650-3106	NKLC01000021.1:1629-3076	98.534	614	9	0	1	614	1980	2593	0.0	1085
NKLH01000021.1:1650-3106	CP076522.1:c2116534-2115921	98.371	614	10	0	1	614	2116534	2115921	0.0	1079
NKLH01000021.1:1650-3106	CP026503.1:c189602-188989	98.371	614	10	0	1	614	189602	188989	0.0	1079
NKLH01000021.1:1650-3106	NKLF01000020.1:c6951-5495	98.371	614	10	0	1	614	6591	5978	0.0	1079
NKLH01000021.1:1650-3106	NKLO01000022.1:1629-3085	98.208	614	11	0	1	614	1989	2602	0.0	1074
NKLH01000021.1:1650-3106	NKLN01000025.1:c6951-5495	98.208	614	11	0	1	614	6591	5978	0.0	1074
NKLH01000021.1:1650-3106	NKLJ01000021.1:4824-6280	98.046	614	12	0	1	614	5920	5307	0.0	1068
NKLH01000021.1:1650-3106	NKLI01000022.1:5053-6509	98.046	614	12	0	1	614	6149	5536	0.0	1068
NKLH01000021.1:1650-3106	NKKV01000021.1:c6509-5053	98.046	614	12	0	1	614	6149	5536	0.0	1068
NKLH01000021.1:1650-3106	NKKS01000020.1:c6943-5496	98.046	614	12	0	1	614	6592	5979	0.0	1068
NKLH01000021.1:1650-3106	NKKR01000020.1:c6943-5496	98.046	614	12	0	1	614	6592	5979	0.0	1068
NKLH01000021.1:1650-3106	NKLD01000019.1:3181-4637	97.883	614	13	0	1	614	4277	3664	0.0	1062
NKLH01000021.1:1650-3106	NKKX01000021.1:c4228-2772	97.883	614	13	0	1	614	3868	3255	0.0	1062
NKLH01000021.1:1650-3106	NKKZ01000015.1:1629-3085	97.720	614	14	0	1	614	1989	2602	0.0	1057
NKLH01000021.1:1650-3106	NKKU01000018.1:1629-3091	96.935	620	13	1	1	614	1989	2608	0.0	1035
NKLH01000021.1:1650-3106	NKKQ01000018.1:1629-3091	96.935	620	13	1	1	614	1989	2608	0.0	1035
NKLH01000021.1:1650-3106	NKLR01000014.1:c10445-8998	96.254	614	23	0	1	614	10094	9481	0.0	1007
NKLH01000021.1:1650-3106	NKLL01000013.1:1736-3183	96.254	614	23	0	1	614	2087	2700	0.0	1007
NKLH01000021.1:1650-3106	NKLK01000015.1:c8336-7100	96.254	614	23	0	1	614	8196	7583	0.0	1007
NKLH01000021.1:1650-3106	NKLP01000019.1:c10373-8917	96.091	614	24	0	1	614	10013	9400	0.0	1002
NKLH01000021.1:1650-3106	NKLQ01000019.1:1650-3103	95.484	620	22	1	1	614	2001	2620	0.0	985
NKLH01000021.1:1650-3106	NKLM01000017.1:c10593-9146	95.603	614	27	0	1	614	10242	9629	0.0	985
NKLH01000021.1:1650-3106	NKLG01000017.1:1840-3287	95.603	614	27	0	1	614	2191	2804	0.0	985
NKLH01000021.1:1650-3106	NKLE01000019.1:9146-10593	95.603	614	27	0	1	614	10242	9629	0.0	985
NKLH01000021.1:1650-3106	NKLB01000022.1:1650-3103	95.484	620	22	1	1	614	2001	2620	0.0	985
NKLH01000021.1:1650-3106	NKKW01000019.1:1650-3103	95.484	620	22	1	1	614	2001	2620	0.0	985
NKLH01000021.1:1650-3106	NKKT01000018.1:c10593-9146	95.603	614	27	0	1	614	10242	9629	0.0	985
NKLI01000022.1:5053-6509	NKLJ01000021.1:4824-6280	100.000	614	0	0	1	614	5920	5307	0.0	1134
NKLI01000022.1:5053-6509	NKLI01000022.1:5053-6509	100.000	614	0	0	1	614	6149	5536	0.0	1134
NKLI01000022.1:5053-6509	NKKV01000021.1:c6509-5053	100.000	614	0	0	1	614	6149	5536	0.0	1134
NKLI01000022.1:5053-6509	NKLO01000022.1:1629-3085	99.511	614	3	0	1	614	1989	2602	0.0	1118
NKLI01000022.1:5053-6509	NKLN01000025.1:c6951-5495	99.511	614	3	0	1	614	6591	5978	0.0	1118
NKLI01000022.1:5053-6509	CP079206.1:233910-234523	99.186	614	5	0	1	614	233910	234523	0.0	1107
NKLI01000022.1:5053-6509	NKLC01000021.1:1629-3076	99.186	614	5	0	1	614	1980	2593	0.0	1107
NKLI01000022.1:5053-6509	NKLF01000020.1:c6951-5495	99.023	614	6	0	1	614	6591	5978	0.0	1101
NKLI01000022.1:5053-6509	NKLD01000019.1:3181-4637	99.023	614	6	0	1	614	4277	3664	0.0	1101
NKLI01000022.1:5053-6509	NKKX01000021.1:c4228-2772	99.023	614	6	0	1	614	3868	3255	0.0	1101
NKLI01000022.1:5053-6509	NKKS01000020.1:c6943-5496	99.023	614	6	0	1	614	6592	5979	0.0	1101
NKLI01000022.1:5053-6509	NKKR01000020.1:c6943-5496	99.023	614	6	0	1	614	6592	5979	0.0	1101
NKLI01000022.1:5053-6509	NKKZ01000015.1:1629-3085	98.860	614	7	0	1	614	1989	2602	0.0	1096
NKLI01000022.1:5053-6509	CP061006.1:179883-180496	98.371	614	10	0	1	614	179883	180496	0.0	1079
NKLI01000022.1:5053-6509	CP076522.1:c2116534-2115921	98.208	614	11	0	1	614	2116534	2115921	0.0	1074
NKLI01000022.1:5053-6509	CP026503.1:c189602-188989	98.208	614	11	0	1	614	189602	188989	0.0	1074
NKLI01000022.1:5053-6509	NKLH01000021.1:1650-3106	98.046	614	12	0	1	614	2010	2623	0.0	1068
NKLI01000022.1:5053-6509	NKKU01000018.1:1629-3091	97.742	620	8	1	1	614	1989	2608	0.0	1062
NKLI01000022.1:5053-6509	NKKQ01000018.1:1629-3091	97.742	620	8	1	1	614	1989	2608	0.0	1062
NKLI01000022.1:5053-6509	NKLA01000017.1:c6948-5495	97.720	614	11	1	1	614	6588	5978	0.0	1053
NKLI01000022.1:5053-6509	NKKY01000019.1:c6945-5492	97.720	614	11	1	1	614	6585	5975	0.0	1053
NKLI01000022.1:5053-6509	NKLR01000014.1:c10445-8998	95.928	614	25	0	1	614	10094	9481	0.0	996
NKLI01000022.1:5053-6509	NKLL01000013.1:1736-3183	95.928	614	25	0	1	614	2087	2700	0.0	996
NKLI01000022.1:5053-6509	NKLK01000015.1:c8336-7100	95.928	614	25	0	1	614	8196	7583	0.0	996
NKLI01000022.1:5053-6509	NKLP01000019.1:c10373-8917	95.765	614	26	0	1	614	10013	9400	0.0	990
NKLI01000022.1:5053-6509	NKLM01000017.1:c10593-9146	95.277	614	29	0	1	614	10242	9629	0.0	974
NKLI01000022.1:5053-6509	NKLG01000017.1:1840-3287	95.277	614	29	0	1	614	2191	2804	0.0	974
NKLI01000022.1:5053-6509	NKLE01000019.1:9146-10593	95.277	614	29	0	1	614	10242	9629	0.0	974
NKLI01000022.1:5053-6509	NKKT01000018.1:c10593-9146	95.277	614	29	0	1	614	10242	9629	0.0	974
NKLI01000022.1:5053-6509	NKLQ01000019.1:1650-3103	94.839	620	26	2	1	614	2001	2620	0.0	963
NKLI01000022.1:5053-6509	NKLB01000022.1:1650-3103	94.839	620	26	2	1	614	2001	2620	0.0	963
NKLI01000022.1:5053-6509	NKKW01000019.1:1650-3103	94.839	620	26	2	1	614	2001	2620	0.0	963
NKLJ01000021.1:4824-6280	NKLJ01000021.1:4824-6280	100.000	614	0	0	1	614	5920	5307	0.0	1134
NKLJ01000021.1:4824-6280	NKLI01000022.1:5053-6509	100.000	614	0	0	1	614	6149	5536	0.0	1134
NKLJ01000021.1:4824-6280	NKKV01000021.1:c6509-5053	100.000	614	0	0	1	614	6149	5536	0.0	1134
NKLJ01000021.1:4824-6280	NKLO01000022.1:1629-3085	99.511	614	3	0	1	614	1989	2602	0.0	1118
NKLJ01000021.1:4824-6280	NKLN01000025.1:c6951-5495	99.511	614	3	0	1	614	6591	5978	0.0	1118
NKLJ01000021.1:4824-6280	CP079206.1:233910-234523	99.186	614	5	0	1	614	233910	234523	0.0	1107
NKLJ01000021.1:4824-6280	NKLC01000021.1:1629-3076	99.186	614	5	0	1	614	1980	2593	0.0	1107
NKLJ01000021.1:4824-6280	NKLF01000020.1:c6951-5495	99.023	614	6	0	1	614	6591	5978	0.0	1101
NKLJ01000021.1:4824-6280	NKLD01000019.1:3181-4637	99.023	614	6	0	1	614	4277	3664	0.0	1101
NKLJ01000021.1:4824-6280	NKKX01000021.1:c4228-2772	99.023	614	6	0	1	614	3868	3255	0.0	1101
NKLJ01000021.1:4824-6280	NKKS01000020.1:c6943-5496	99.023	614	6	0	1	614	6592	5979	0.0	1101
NKLJ01000021.1:4824-6280	NKKR01000020.1:c6943-5496	99.023	614	6	0	1	614	6592	5979	0.0	1101
NKLJ01000021.1:4824-6280	NKKZ01000015.1:1629-3085	98.860	614	7	0	1	614	1989	2602	0.0	1096
NKLJ01000021.1:4824-6280	CP061006.1:179883-180496	98.371	614	10	0	1	614	179883	180496	0.0	1079
NKLJ01000021.1:4824-6280	CP076522.1:c2116534-2115921	98.208	614	11	0	1	614	2116534	2115921	0.0	1074
NKLJ01000021.1:4824-6280	CP026503.1:c189602-188989	98.208	614	11	0	1	614	189602	188989	0.0	1074
NKLJ01000021.1:4824-6280	NKLH01000021.1:1650-3106	98.046	614	12	0	1	614	2010	2623	0.0	1068
NKLJ01000021.1:4824-6280	NKKU01000018.1:1629-3091	97.742	620	8	1	1	614	1989	2608	0.0	1062
NKLJ01000021.1:4824-6280	NKKQ01000018.1:1629-3091	97.742	620	8	1	1	614	1989	2608	0.0	1062
NKLJ01000021.1:4824-6280	NKLA01000017.1:c6948-5495	97.720	614	11	1	1	614	6588	5978	0.0	1053
NKLJ01000021.1:4824-6280	NKKY01000019.1:c6945-5492	97.720	614	11	1	1	614	6585	5975	0.0	1053
NKLJ01000021.1:4824-6280	NKLR01000014.1:c10445-8998	95.928	614	25	0	1	614	10094	9481	0.0	996
NKLJ01000021.1:4824-6280	NKLL01000013.1:1736-3183	95.928	614	25	0	1	614	2087	2700	0.0	996
NKLJ01000021.1:4824-6280	NKLK01000015.1:c8336-7100	95.928	614	25	0	1	614	8196	7583	0.0	996
NKLJ01000021.1:4824-6280	NKLP01000019.1:c10373-8917	95.765	614	26	0	1	614	10013	9400	0.0	990
NKLJ01000021.1:4824-6280	NKLM01000017.1:c10593-9146	95.277	614	29	0	1	614	10242	9629	0.0	974
NKLJ01000021.1:4824-6280	NKLG01000017.1:1840-3287	95.277	614	29	0	1	614	2191	2804	0.0	974
NKLJ01000021.1:4824-6280	NKLE01000019.1:9146-10593	95.277	614	29	0	1	614	10242	9629	0.0	974
NKLJ01000021.1:4824-6280	NKKT01000018.1:c10593-9146	95.277	614	29	0	1	614	10242	9629	0.0	974
NKLJ01000021.1:4824-6280	NKLQ01000019.1:1650-3103	94.839	620	26	2	1	614	2001	2620	0.0	963
NKLJ01000021.1:4824-6280	NKLB01000022.1:1650-3103	94.839	620	26	2	1	614	2001	2620	0.0	963
NKLJ01000021.1:4824-6280	NKKW01000019.1:1650-3103	94.839	620	26	2	1	614	2001	2620	0.0	963
NKLK01000015.1:c8336-7100	NKLK01000015.1:c8336-7100	100.000	614	0	0	1	614	8196	7583	0.0	1134
NKLK01000015.1:c8336-7100	NKLR01000014.1:c10445-8998	99.837	614	1	0	1	614	10094	9481	0.0	1129
NKLK01000015.1:c8336-7100	NKLL01000013.1:1736-3183	99.837	614	1	0	1	614	2087	2700	0.0	1129
NKLK01000015.1:c8336-7100	NKLP01000019.1:c10373-8917	99.511	614	3	0	1	614	10013	9400	0.0	1118
NKLK01000015.1:c8336-7100	NKLM01000017.1:c10593-9146	98.860	614	7	0	1	614	10242	9629	0.0	1096
NKLK01000015.1:c8336-7100	NKLG01000017.1:1840-3287	98.860	614	7	0	1	614	2191	2804	0.0	1096
NKLK01000015.1:c8336-7100	NKLE01000019.1:9146-10593	98.860	614	7	0	1	614	10242	9629	0.0	1096
NKLK01000015.1:c8336-7100	NKKT01000018.1:c10593-9146	98.860	614	7	0	1	614	10242	9629	0.0	1096
NKLK01000015.1:c8336-7100	CP076522.1:c2116534-2115921	96.417	614	22	0	1	614	2116534	2115921	0.0	1013
NKLK01000015.1:c8336-7100	CP061006.1:179883-180496	96.254	614	23	0	1	614	179883	180496	0.0	1007
NKLK01000015.1:c8336-7100	NKLH01000021.1:1650-3106	96.254	614	23	0	1	614	2010	2623	0.0	1007
NKLK01000015.1:c8336-7100	CP026503.1:c189602-188989	96.091	614	24	0	1	614	189602	188989	0.0	1002
NKLK01000015.1:c8336-7100	CP079206.1:233910-234523	96.091	614	24	0	1	614	233910	234523	0.0	1002
NKLK01000015.1:c8336-7100	NKLO01000022.1:1629-3085	96.091	614	24	0	1	614	1989	2602	0.0	1002
NKLK01000015.1:c8336-7100	NKLN01000025.1:c6951-5495	96.091	614	24	0	1	614	6591	5978	0.0	1002
NKLK01000015.1:c8336-7100	NKLC01000021.1:1629-3076	96.091	614	24	0	1	614	1980	2593	0.0	1002
NKLK01000015.1:c8336-7100	NKLA01000017.1:c6948-5495	96.098	615	19	3	1	614	6588	5978	0.0	998
NKLK01000015.1:c8336-7100	NKKY01000019.1:c6945-5492	96.098	615	19	3	1	614	6585	5975	0.0	998
NKLK01000015.1:c8336-7100	NKLJ01000021.1:4824-6280	95.928	614	25	0	1	614	5920	5307	0.0	996
NKLK01000015.1:c8336-7100	NKLI01000022.1:5053-6509	95.928	614	25	0	1	614	6149	5536	0.0	996
NKLK01000015.1:c8336-7100	NKLF01000020.1:c6951-5495	95.928	614	25	0	1	614	6591	5978	0.0	996
NKLK01000015.1:c8336-7100	NKKV01000021.1:c6509-5053	95.928	614	25	0	1	614	6149	5536	0.0	996
NKLK01000015.1:c8336-7100	NKKS01000020.1:c6943-5496	95.928	614	25	0	1	614	6592	5979	0.0	996
NKLK01000015.1:c8336-7100	NKKR01000020.1:c6943-5496	95.928	614	25	0	1	614	6592	5979	0.0	996
NKLK01000015.1:c8336-7100	NKLD01000019.1:3181-4637	95.603	614	27	0	1	614	4277	3664	0.0	985
NKLK01000015.1:c8336-7100	NKKX01000021.1:c4228-2772	95.603	614	27	0	1	614	3868	3255	0.0	985
NKLK01000015.1:c8336-7100	NKKZ01000015.1:1629-3085	95.440	614	28	0	1	614	1989	2602	0.0	979
NKLK01000015.1:c8336-7100	NKKU01000018.1:1629-3091	94.839	620	26	2	1	614	1989	2608	0.0	963
NKLK01000015.1:c8336-7100	NKKQ01000018.1:1629-3091	94.839	620	26	2	1	614	1989	2608	0.0	963
NKLK01000015.1:c8336-7100	NKLQ01000019.1:1650-3103	94.042	621	29	3	1	614	2001	2620	0.0	935
NKLK01000015.1:c8336-7100	NKLB01000022.1:1650-3103	94.042	621	29	3	1	614	2001	2620	0.0	935
NKLK01000015.1:c8336-7100	NKKW01000019.1:1650-3103	94.042	621	29	3	1	614	2001	2620	0.0	935
NKLL01000013.1:1736-3183	NKLR01000014.1:c10445-8998	100.000	614	0	0	1	614	10094	9481	0.0	1134
NKLL01000013.1:1736-3183	NKLL01000013.1:1736-3183	100.000	614	0	0	1	614	2087	2700	0.0	1134
NKLL01000013.1:1736-3183	NKLK01000015.1:c8336-7100	99.837	614	1	0	1	614	8196	7583	0.0	1129
NKLL01000013.1:1736-3183	NKLP01000019.1:c10373-8917	99.674	614	2	0	1	614	10013	9400	0.0	1123
NKLL01000013.1:1736-3183	NKLM01000017.1:c10593-9146	99.023	614	6	0	1	614	10242	9629	0.0	1101
NKLL01000013.1:1736-3183	NKLG01000017.1:1840-3287	99.023	614	6	0	1	614	2191	2804	0.0	1101
NKLL01000013.1:1736-3183	NKLE01000019.1:9146-10593	99.023	614	6	0	1	614	10242	9629	0.0	1101
NKLL01000013.1:1736-3183	NKKT01000018.1:c10593-9146	99.023	614	6	0	1	614	10242	9629	0.0	1101
NKLL01000013.1:1736-3183	CP076522.1:c2116534-2115921	96.254	614	23	0	1	614	2116534	2115921	0.0	1007
NKLL01000013.1:1736-3183	CP061006.1:179883-180496	96.254	614	23	0	1	614	179883	180496	0.0	1007
NKLL01000013.1:1736-3183	NKLH01000021.1:1650-3106	96.254	614	23	0	1	614	2010	2623	0.0	1007
NKLL01000013.1:1736-3183	CP026503.1:c189602-188989	96.091	614	24	0	1	614	189602	188989	0.0	1002
NKLL01000013.1:1736-3183	CP079206.1:233910-234523	96.091	614	24	0	1	614	233910	234523	0.0	1002
NKLL01000013.1:1736-3183	NKLO01000022.1:1629-3085	96.091	614	24	0	1	614	1989	2602	0.0	1002
NKLL01000013.1:1736-3183	NKLN01000025.1:c6951-5495	96.091	614	24	0	1	614	6591	5978	0.0	1002
NKLL01000013.1:1736-3183	NKLC01000021.1:1629-3076	96.091	614	24	0	1	614	1980	2593	0.0	1002
NKLL01000013.1:1736-3183	NKLJ01000021.1:4824-6280	95.928	614	25	0	1	614	5920	5307	0.0	996
NKLL01000013.1:1736-3183	NKLI01000022.1:5053-6509	95.928	614	25	0	1	614	6149	5536	0.0	996
NKLL01000013.1:1736-3183	NKLF01000020.1:c6951-5495	95.928	614	25	0	1	614	6591	5978	0.0	996
NKLL01000013.1:1736-3183	NKKV01000021.1:c6509-5053	95.928	614	25	0	1	614	6149	5536	0.0	996
NKLL01000013.1:1736-3183	NKKS01000020.1:c6943-5496	95.928	614	25	0	1	614	6592	5979	0.0	996
NKLL01000013.1:1736-3183	NKKR01000020.1:c6943-5496	95.928	614	25	0	1	614	6592	5979	0.0	996
NKLL01000013.1:1736-3183	NKLA01000017.1:c6948-5495	95.928	614	22	1	1	614	6588	5978	0.0	992
NKLL01000013.1:1736-3183	NKKY01000019.1:c6945-5492	95.928	614	22	1	1	614	6585	5975	0.0	992
NKLL01000013.1:1736-3183	NKLD01000019.1:3181-4637	95.603	614	27	0	1	614	4277	3664	0.0	985
NKLL01000013.1:1736-3183	NKKX01000021.1:c4228-2772	95.603	614	27	0	1	614	3868	3255	0.0	985
NKLL01000013.1:1736-3183	NKKZ01000015.1:1629-3085	95.440	614	28	0	1	614	1989	2602	0.0	979
NKLL01000013.1:1736-3183	NKKU01000018.1:1629-3091	94.839	620	26	2	1	614	1989	2608	0.0	963
NKLL01000013.1:1736-3183	NKKQ01000018.1:1629-3091	94.839	620	26	2	1	614	1989	2608	0.0	963
NKLL01000013.1:1736-3183	NKLQ01000019.1:1650-3103	94.203	621	28	3	1	614	2001	2620	0.0	941
NKLL01000013.1:1736-3183	NKLB01000022.1:1650-3103	94.203	621	28	3	1	614	2001	2620	0.0	941
NKLL01000013.1:1736-3183	NKKW01000019.1:1650-3103	94.203	621	28	3	1	614	2001	2620	0.0	941
NKLM01000017.1:c10593-9146	NKLM01000017.1:c10593-9146	100.000	614	0	0	1	614	10242	9629	0.0	1134
NKLM01000017.1:c10593-9146	NKLG01000017.1:1840-3287	100.000	614	0	0	1	614	2191	2804	0.0	1134
NKLM01000017.1:c10593-9146	NKLE01000019.1:9146-10593	100.000	614	0	0	1	614	10242	9629	0.0	1134
NKLM01000017.1:c10593-9146	NKKT01000018.1:c10593-9146	100.000	614	0	0	1	614	10242	9629	0.0	1134
NKLM01000017.1:c10593-9146	NKLR01000014.1:c10445-8998	99.023	614	6	0	1	614	10094	9481	0.0	1101
NKLM01000017.1:c10593-9146	NKLL01000013.1:1736-3183	99.023	614	6	0	1	614	2087	2700	0.0	1101
NKLM01000017.1:c10593-9146	NKLK01000015.1:c8336-7100	98.860	614	7	0	1	614	8196	7583	0.0	1096
NKLM01000017.1:c10593-9146	NKLP01000019.1:c10373-8917	98.697	614	8	0	1	614	10013	9400	0.0	1090
NKLM01000017.1:c10593-9146	CP076522.1:c2116534-2115921	95.603	614	27	0	1	614	2116534	2115921	0.0	985
NKLM01000017.1:c10593-9146	CP061006.1:179883-180496	95.603	614	27	0	1	614	179883	180496	0.0	985
NKLM01000017.1:c10593-9146	NKLH01000021.1:1650-3106	95.603	614	27	0	1	614	2010	2623	0.0	985
NKLM01000017.1:c10593-9146	CP026503.1:c189602-188989	95.440	614	28	0	1	614	189602	188989	0.0	979
NKLM01000017.1:c10593-9146	CP079206.1:233910-234523	95.440	614	28	0	1	614	233910	234523	0.0	979
NKLM01000017.1:c10593-9146	NKLO01000022.1:1629-3085	95.440	614	28	0	1	614	1989	2602	0.0	979
NKLM01000017.1:c10593-9146	NKLN01000025.1:c6951-5495	95.440	614	28	0	1	614	6591	5978	0.0	979
NKLM01000017.1:c10593-9146	NKLC01000021.1:1629-3076	95.440	614	28	0	1	614	1980	2593	0.0	979
NKLM01000017.1:c10593-9146	NKLJ01000021.1:4824-6280	95.277	614	29	0	1	614	5920	5307	0.0	974
NKLM01000017.1:c10593-9146	NKLI01000022.1:5053-6509	95.277	614	29	0	1	614	6149	5536	0.0	974
NKLM01000017.1:c10593-9146	NKLF01000020.1:c6951-5495	95.277	614	29	0	1	614	6591	5978	0.0	974
NKLM01000017.1:c10593-9146	NKKV01000021.1:c6509-5053	95.277	614	29	0	1	614	6149	5536	0.0	974
NKLM01000017.1:c10593-9146	NKKS01000020.1:c6943-5496	95.277	614	29	0	1	614	6592	5979	0.0	974
NKLM01000017.1:c10593-9146	NKKR01000020.1:c6943-5496	95.277	614	29	0	1	614	6592	5979	0.0	974
NKLM01000017.1:c10593-9146	NKLA01000017.1:c6948-5495	95.277	614	26	1	1	614	6588	5978	0.0	970
NKLM01000017.1:c10593-9146	NKKY01000019.1:c6945-5492	95.277	614	26	1	1	614	6585	5975	0.0	970
NKLM01000017.1:c10593-9146	NKLD01000019.1:3181-4637	94.951	614	31	0	1	614	4277	3664	0.0	963
NKLM01000017.1:c10593-9146	NKKX01000021.1:c4228-2772	94.951	614	31	0	1	614	3868	3255	0.0	963
NKLM01000017.1:c10593-9146	NKKZ01000015.1:1629-3085	94.788	614	32	0	1	614	1989	2602	0.0	957
NKLM01000017.1:c10593-9146	NKKU01000018.1:1629-3091	94.194	620	30	2	1	614	1989	2608	0.0	941
NKLM01000017.1:c10593-9146	NKKQ01000018.1:1629-3091	94.194	620	30	2	1	614	1989	2608	0.0	941
NKLM01000017.1:c10593-9146	NKLQ01000019.1:1650-3103	93.871	620	32	1	1	614	2001	2620	0.0	929
NKLM01000017.1:c10593-9146	NKLB01000022.1:1650-3103	93.871	620	32	1	1	614	2001	2620	0.0	929
NKLM01000017.1:c10593-9146	NKKW01000019.1:1650-3103	93.871	620	32	1	1	614	2001	2620	0.0	929
NKLN01000025.1:c6951-5495	NKLO01000022.1:1629-3085	100.000	614	0	0	1	614	1989	2602	0.0	1134
NKLN01000025.1:c6951-5495	NKLN01000025.1:c6951-5495	100.000	614	0	0	1	614	6591	5978	0.0	1134
NKLN01000025.1:c6951-5495	NKLJ01000021.1:4824-6280	99.511	614	3	0	1	614	5920	5307	0.0	1118
NKLN01000025.1:c6951-5495	NKLI01000022.1:5053-6509	99.511	614	3	0	1	614	6149	5536	0.0	1118
NKLN01000025.1:c6951-5495	NKKV01000021.1:c6509-5053	99.511	614	3	0	1	614	6149	5536	0.0	1118
NKLN01000025.1:c6951-5495	CP079206.1:233910-234523	99.349	614	4	0	1	614	233910	234523	0.0	1112
NKLN01000025.1:c6951-5495	NKLC01000021.1:1629-3076	99.349	614	4	0	1	614	1980	2593	0.0	1112
NKLN01000025.1:c6951-5495	NKLF01000020.1:c6951-5495	99.186	614	5	0	1	614	6591	5978	0.0	1107
NKLN01000025.1:c6951-5495	NKKS01000020.1:c6943-5496	99.186	614	5	0	1	614	6592	5979	0.0	1107
NKLN01000025.1:c6951-5495	NKKR01000020.1:c6943-5496	99.186	614	5	0	1	614	6592	5979	0.0	1107
NKLN01000025.1:c6951-5495	NKLD01000019.1:3181-4637	98.860	614	7	0	1	614	4277	3664	0.0	1096
NKLN01000025.1:c6951-5495	NKKX01000021.1:c4228-2772	98.860	614	7	0	1	614	3868	3255	0.0	1096
NKLN01000025.1:c6951-5495	NKKZ01000015.1:1629-3085	98.697	614	8	0	1	614	1989	2602	0.0	1090
NKLN01000025.1:c6951-5495	CP061006.1:179883-180496	98.534	614	9	0	1	614	179883	180496	0.0	1085
NKLN01000025.1:c6951-5495	CP076522.1:c2116534-2115921	98.371	614	10	0	1	614	2116534	2115921	0.0	1079
NKLN01000025.1:c6951-5495	CP026503.1:c189602-188989	98.371	614	10	0	1	614	189602	188989	0.0	1079
NKLN01000025.1:c6951-5495	NKLH01000021.1:1650-3106	98.208	614	11	0	1	614	2010	2623	0.0	1074
NKLN01000025.1:c6951-5495	NKKU01000018.1:1629-3091	97.903	620	7	1	1	614	1989	2608	0.0	1068
NKLN01000025.1:c6951-5495	NKKQ01000018.1:1629-3091	97.903	620	7	1	1	614	1989	2608	0.0	1068
NKLN01000025.1:c6951-5495	NKLA01000017.1:c6948-5495	97.883	614	10	1	1	614	6588	5978	0.0	1059
NKLN01000025.1:c6951-5495	NKKY01000019.1:c6945-5492	97.883	614	10	1	1	614	6585	5975	0.0	1059
NKLN01000025.1:c6951-5495	NKLR01000014.1:c10445-8998	96.091	614	24	0	1	614	10094	9481	0.0	1002
NKLN01000025.1:c6951-5495	NKLL01000013.1:1736-3183	96.091	614	24	0	1	614	2087	2700	0.0	1002
NKLN01000025.1:c6951-5495	NKLK01000015.1:c8336-7100	96.091	614	24	0	1	614	8196	7583	0.0	1002
NKLN01000025.1:c6951-5495	NKLP01000019.1:c10373-8917	95.928	614	25	0	1	614	10013	9400	0.0	996
NKLN01000025.1:c6951-5495	NKLM01000017.1:c10593-9146	95.440	614	28	0	1	614	10242	9629	0.0	979
NKLN01000025.1:c6951-5495	NKLG01000017.1:1840-3287	95.440	614	28	0	1	614	2191	2804	0.0	979
NKLN01000025.1:c6951-5495	NKLE01000019.1:9146-10593	95.440	614	28	0	1	614	10242	9629	0.0	979
NKLN01000025.1:c6951-5495	NKKT01000018.1:c10593-9146	95.440	614	28	0	1	614	10242	9629	0.0	979
NKLN01000025.1:c6951-5495	NKLQ01000019.1:1650-3103	95.000	620	25	2	1	614	2001	2620	0.0	968
NKLN01000025.1:c6951-5495	NKLB01000022.1:1650-3103	95.000	620	25	2	1	614	2001	2620	0.0	968
NKLN01000025.1:c6951-5495	NKKW01000019.1:1650-3103	95.000	620	25	2	1	614	2001	2620	0.0	968
NKLO01000022.1:1629-3085	NKLO01000022.1:1629-3085	100.000	614	0	0	1	614	1989	2602	0.0	1134
NKLO01000022.1:1629-3085	NKLN01000025.1:c6951-5495	100.000	614	0	0	1	614	6591	5978	0.0	1134
NKLO01000022.1:1629-3085	NKLJ01000021.1:4824-6280	99.511	614	3	0	1	614	5920	5307	0.0	1118
NKLO01000022.1:1629-3085	NKLI01000022.1:5053-6509	99.511	614	3	0	1	614	6149	5536	0.0	1118
NKLO01000022.1:1629-3085	NKKV01000021.1:c6509-5053	99.511	614	3	0	1	614	6149	5536	0.0	1118
NKLO01000022.1:1629-3085	CP079206.1:233910-234523	99.349	614	4	0	1	614	233910	234523	0.0	1112
NKLO01000022.1:1629-3085	NKLC01000021.1:1629-3076	99.349	614	4	0	1	614	1980	2593	0.0	1112
NKLO01000022.1:1629-3085	NKLF01000020.1:c6951-5495	99.186	614	5	0	1	614	6591	5978	0.0	1107
NKLO01000022.1:1629-3085	NKKS01000020.1:c6943-5496	99.186	614	5	0	1	614	6592	5979	0.0	1107
NKLO01000022.1:1629-3085	NKKR01000020.1:c6943-5496	99.186	614	5	0	1	614	6592	5979	0.0	1107
NKLO01000022.1:1629-3085	NKLD01000019.1:3181-4637	98.860	614	7	0	1	614	4277	3664	0.0	1096
NKLO01000022.1:1629-3085	NKKX01000021.1:c4228-2772	98.860	614	7	0	1	614	3868	3255	0.0	1096
NKLO01000022.1:1629-3085	NKKZ01000015.1:1629-3085	98.697	614	8	0	1	614	1989	2602	0.0	1090
NKLO01000022.1:1629-3085	CP061006.1:179883-180496	98.534	614	9	0	1	614	179883	180496	0.0	1085
NKLO01000022.1:1629-3085	CP076522.1:c2116534-2115921	98.371	614	10	0	1	614	2116534	2115921	0.0	1079
NKLO01000022.1:1629-3085	CP026503.1:c189602-188989	98.371	614	10	0	1	614	189602	188989	0.0	1079
NKLO01000022.1:1629-3085	NKLH01000021.1:1650-3106	98.208	614	11	0	1	614	2010	2623	0.0	1074
NKLO01000022.1:1629-3085	NKKU01000018.1:1629-3091	97.903	620	7	1	1	614	1989	2608	0.0	1068
NKLO01000022.1:1629-3085	NKKQ01000018.1:1629-3091	97.903	620	7	1	1	614	1989	2608	0.0	1068
NKLO01000022.1:1629-3085	NKLA01000017.1:c6948-5495	97.883	614	10	1	1	614	6588	5978	0.0	1059
NKLO01000022.1:1629-3085	NKKY01000019.1:c6945-5492	97.883	614	10	1	1	614	6585	5975	0.0	1059
NKLO01000022.1:1629-3085	NKLR01000014.1:c10445-8998	96.091	614	24	0	1	614	10094	9481	0.0	1002
NKLO01000022.1:1629-3085	NKLL01000013.1:1736-3183	96.091	614	24	0	1	614	2087	2700	0.0	1002
NKLO01000022.1:1629-3085	NKLK01000015.1:c8336-7100	96.091	614	24	0	1	614	8196	7583	0.0	1002
NKLO01000022.1:1629-3085	NKLP01000019.1:c10373-8917	95.928	614	25	0	1	614	10013	9400	0.0	996
NKLO01000022.1:1629-3085	NKLM01000017.1:c10593-9146	95.440	614	28	0	1	614	10242	9629	0.0	979
NKLO01000022.1:1629-3085	NKLG01000017.1:1840-3287	95.440	614	28	0	1	614	2191	2804	0.0	979
NKLO01000022.1:1629-3085	NKLE01000019.1:9146-10593	95.440	614	28	0	1	614	10242	9629	0.0	979
NKLO01000022.1:1629-3085	NKKT01000018.1:c10593-9146	95.440	614	28	0	1	614	10242	9629	0.0	979
NKLO01000022.1:1629-3085	NKLQ01000019.1:1650-3103	95.000	620	25	2	1	614	2001	2620	0.0	968
NKLO01000022.1:1629-3085	NKLB01000022.1:1650-3103	95.000	620	25	2	1	614	2001	2620	0.0	968
NKLO01000022.1:1629-3085	NKKW01000019.1:1650-3103	95.000	620	25	2	1	614	2001	2620	0.0	968
NKLP01000019.1:c10373-8917	NKLP01000019.1:c10373-8917	100.000	614	0	0	1	614	10013	9400	0.0	1134
NKLP01000019.1:c10373-8917	NKLR01000014.1:c10445-8998	99.674	614	2	0	1	614	10094	9481	0.0	1123
NKLP01000019.1:c10373-8917	NKLL01000013.1:1736-3183	99.674	614	2	0	1	614	2087	2700	0.0	1123
NKLP01000019.1:c10373-8917	NKLK01000015.1:c8336-7100	99.511	614	3	0	1	614	8196	7583	0.0	1118
NKLP01000019.1:c10373-8917	NKLM01000017.1:c10593-9146	98.697	614	8	0	1	614	10242	9629	0.0	1090
NKLP01000019.1:c10373-8917	NKLG01000017.1:1840-3287	98.697	614	8	0	1	614	2191	2804	0.0	1090
NKLP01000019.1:c10373-8917	NKLE01000019.1:9146-10593	98.697	614	8	0	1	614	10242	9629	0.0	1090
NKLP01000019.1:c10373-8917	NKKT01000018.1:c10593-9146	98.697	614	8	0	1	614	10242	9629	0.0	1090
NKLP01000019.1:c10373-8917	CP076522.1:c2116534-2115921	96.091	614	24	0	1	614	2116534	2115921	0.0	1002
NKLP01000019.1:c10373-8917	CP061006.1:179883-180496	96.091	614	24	0	1	614	179883	180496	0.0	1002
NKLP01000019.1:c10373-8917	NKLH01000021.1:1650-3106	96.091	614	24	0	1	614	2010	2623	0.0	1002
NKLP01000019.1:c10373-8917	CP026503.1:c189602-188989	95.928	614	25	0	1	614	189602	188989	0.0	996
NKLP01000019.1:c10373-8917	CP079206.1:233910-234523	95.928	614	25	0	1	614	233910	234523	0.0	996
NKLP01000019.1:c10373-8917	NKLO01000022.1:1629-3085	95.928	614	25	0	1	614	1989	2602	0.0	996
NKLP01000019.1:c10373-8917	NKLN01000025.1:c6951-5495	95.928	614	25	0	1	614	6591	5978	0.0	996
NKLP01000019.1:c10373-8917	NKLC01000021.1:1629-3076	95.928	614	25	0	1	614	1980	2593	0.0	996
NKLP01000019.1:c10373-8917	NKLJ01000021.1:4824-6280	95.765	614	26	0	1	614	5920	5307	0.0	990
NKLP01000019.1:c10373-8917	NKLI01000022.1:5053-6509	95.765	614	26	0	1	614	6149	5536	0.0	990
NKLP01000019.1:c10373-8917	NKLF01000020.1:c6951-5495	95.765	614	26	0	1	614	6591	5978	0.0	990
NKLP01000019.1:c10373-8917	NKKV01000021.1:c6509-5053	95.765	614	26	0	1	614	6149	5536	0.0	990
NKLP01000019.1:c10373-8917	NKKS01000020.1:c6943-5496	95.765	614	26	0	1	614	6592	5979	0.0	990
NKLP01000019.1:c10373-8917	NKKR01000020.1:c6943-5496	95.765	614	26	0	1	614	6592	5979	0.0	990
NKLP01000019.1:c10373-8917	NKLA01000017.1:c6948-5495	95.765	614	23	1	1	614	6588	5978	0.0	987
NKLP01000019.1:c10373-8917	NKKY01000019.1:c6945-5492	95.765	614	23	1	1	614	6585	5975	0.0	987
NKLP01000019.1:c10373-8917	NKLD01000019.1:3181-4637	95.440	614	28	0	1	614	4277	3664	0.0	979
NKLP01000019.1:c10373-8917	NKKX01000021.1:c4228-2772	95.440	614	28	0	1	614	3868	3255	0.0	979
NKLP01000019.1:c10373-8917	NKKZ01000015.1:1629-3085	95.277	614	29	0	1	614	1989	2602	0.0	974
NKLP01000019.1:c10373-8917	NKKU01000018.1:1629-3091	94.677	620	27	2	1	614	1989	2608	0.0	957
NKLP01000019.1:c10373-8917	NKKQ01000018.1:1629-3091	94.677	620	27	2	1	614	1989	2608	0.0	957
NKLP01000019.1:c10373-8917	NKLQ01000019.1:1650-3103	94.042	621	29	3	1	614	2001	2620	0.0	935
NKLP01000019.1:c10373-8917	NKLB01000022.1:1650-3103	94.042	621	29	3	1	614	2001	2620	0.0	935
NKLP01000019.1:c10373-8917	NKKW01000019.1:1650-3103	94.042	621	29	3	1	614	2001	2620	0.0	935
NKLQ01000019.1:1650-3103	NKLQ01000019.1:1650-3103	100.000	620	0	0	1	620	2001	2620	0.0	1146
NKLQ01000019.1:1650-3103	NKLB01000022.1:1650-3103	100.000	620	0	0	1	620	2001	2620	0.0	1146
NKLQ01000019.1:1650-3103	NKKW01000019.1:1650-3103	100.000	620	0	0	1	620	2001	2620	0.0	1146
NKLQ01000019.1:1650-3103	NKLH01000021.1:1650-3106	95.484	620	22	1	1	620	2010	2623	0.0	985
NKLQ01000019.1:1650-3103	CP079206.1:233910-234523	95.323	620	23	2	1	620	233910	234523	0.0	979
NKLQ01000019.1:1650-3103	NKLC01000021.1:1629-3076	95.323	620	23	2	1	620	1980	2593	0.0	979
NKLQ01000019.1:1650-3103	CP076522.1:c2116534-2115921	95.161	620	24	2	1	620	2116534	2115921	0.0	974
NKLQ01000019.1:1650-3103	CP061006.1:179883-180496	95.161	620	24	2	1	620	179883	180496	0.0	974
NKLQ01000019.1:1650-3103	NKLF01000020.1:c6951-5495	95.161	620	24	2	1	620	6591	5978	0.0	974
NKLQ01000019.1:1650-3103	CP026503.1:c189602-188989	95.000	620	25	2	1	620	189602	188989	0.0	968
NKLQ01000019.1:1650-3103	NKLO01000022.1:1629-3085	95.000	620	25	2	1	620	1989	2602	0.0	968
NKLQ01000019.1:1650-3103	NKLN01000025.1:c6951-5495	95.000	620	25	2	1	620	6591	5978	0.0	968
NKLQ01000019.1:1650-3103	NKLJ01000021.1:4824-6280	94.839	620	26	2	1	620	5920	5307	0.0	963
NKLQ01000019.1:1650-3103	NKLI01000022.1:5053-6509	94.839	620	26	2	1	620	6149	5536	0.0	963
NKLQ01000019.1:1650-3103	NKKV01000021.1:c6509-5053	94.839	620	26	2	1	620	6149	5536	0.0	963
NKLQ01000019.1:1650-3103	NKKS01000020.1:c6943-5496	94.839	620	26	2	1	620	6592	5979	0.0	963
NKLQ01000019.1:1650-3103	NKKR01000020.1:c6943-5496	94.839	620	26	2	1	620	6592	5979	0.0	963
NKLQ01000019.1:1650-3103	NKLA01000017.1:c6948-5495	94.839	620	23	2	1	620	6588	5978	0.0	959
NKLQ01000019.1:1650-3103	NKKY01000019.1:c6945-5492	94.839	620	23	2	1	620	6585	5975	0.0	959
NKLQ01000019.1:1650-3103	NKLD01000019.1:3181-4637	94.677	620	27	2	1	620	4277	3664	0.0	957
NKLQ01000019.1:1650-3103	NKKX01000021.1:c4228-2772	94.677	620	27	2	1	620	3868	3255	0.0	957
NKLQ01000019.1:1650-3103	NKKZ01000015.1:1629-3085	94.516	620	28	2	1	620	1989	2602	0.0	952
NKLQ01000019.1:1650-3103	NKLR01000014.1:c10445-8998	94.203	621	28	3	1	620	10094	9481	0.0	941
NKLQ01000019.1:1650-3103	NKLL01000013.1:1736-3183	94.203	621	28	3	1	620	2087	2700	0.0	941
NKLQ01000019.1:1650-3103	NKLP01000019.1:c10373-8917	94.042	621	29	3	1	620	10013	9400	0.0	935
NKLQ01000019.1:1650-3103	NKLK01000015.1:c8336-7100	94.042	621	29	3	1	620	8196	7583	0.0	935
NKLQ01000019.1:1650-3103	NKKU01000018.1:1629-3091	93.930	626	26	5	1	620	1989	2608	0.0	935
NKLQ01000019.1:1650-3103	NKKQ01000018.1:1629-3091	93.930	626	26	5	1	620	1989	2608	0.0	935
NKLQ01000019.1:1650-3103	NKLM01000017.1:c10593-9146	93.871	620	32	1	1	620	10242	9629	0.0	929
NKLQ01000019.1:1650-3103	NKLG01000017.1:1840-3287	93.871	620	32	1	1	620	2191	2804	0.0	929
NKLQ01000019.1:1650-3103	NKLE01000019.1:9146-10593	93.871	620	32	1	1	620	10242	9629	0.0	929
NKLQ01000019.1:1650-3103	NKKT01000018.1:c10593-9146	93.871	620	32	1	1	620	10242	9629	0.0	929
NKLR01000014.1:c10445-8998	NKLR01000014.1:c10445-8998	100.000	614	0	0	1	614	10094	9481	0.0	1134
NKLR01000014.1:c10445-8998	NKLL01000013.1:1736-3183	100.000	614	0	0	1	614	2087	2700	0.0	1134
NKLR01000014.1:c10445-8998	NKLK01000015.1:c8336-7100	99.837	614	1	0	1	614	8196	7583	0.0	1129
NKLR01000014.1:c10445-8998	NKLP01000019.1:c10373-8917	99.674	614	2	0	1	614	10013	9400	0.0	1123
NKLR01000014.1:c10445-8998	NKLM01000017.1:c10593-9146	99.023	614	6	0	1	614	10242	9629	0.0	1101
NKLR01000014.1:c10445-8998	NKLG01000017.1:1840-3287	99.023	614	6	0	1	614	2191	2804	0.0	1101
NKLR01000014.1:c10445-8998	NKLE01000019.1:9146-10593	99.023	614	6	0	1	614	10242	9629	0.0	1101
NKLR01000014.1:c10445-8998	NKKT01000018.1:c10593-9146	99.023	614	6	0	1	614	10242	9629	0.0	1101
NKLR01000014.1:c10445-8998	CP076522.1:c2116534-2115921	96.254	614	23	0	1	614	2116534	2115921	0.0	1007
NKLR01000014.1:c10445-8998	CP061006.1:179883-180496	96.254	614	23	0	1	614	179883	180496	0.0	1007
NKLR01000014.1:c10445-8998	NKLH01000021.1:1650-3106	96.254	614	23	0	1	614	2010	2623	0.0	1007
NKLR01000014.1:c10445-8998	CP026503.1:c189602-188989	96.091	614	24	0	1	614	189602	188989	0.0	1002
NKLR01000014.1:c10445-8998	CP079206.1:233910-234523	96.091	614	24	0	1	614	233910	234523	0.0	1002
NKLR01000014.1:c10445-8998	NKLO01000022.1:1629-3085	96.091	614	24	0	1	614	1989	2602	0.0	1002
NKLR01000014.1:c10445-8998	NKLN01000025.1:c6951-5495	96.091	614	24	0	1	614	6591	5978	0.0	1002
NKLR01000014.1:c10445-8998	NKLC01000021.1:1629-3076	96.091	614	24	0	1	614	1980	2593	0.0	1002
NKLR01000014.1:c10445-8998	NKLJ01000021.1:4824-6280	95.928	614	25	0	1	614	5920	5307	0.0	996
NKLR01000014.1:c10445-8998	NKLI01000022.1:5053-6509	95.928	614	25	0	1	614	6149	5536	0.0	996
NKLR01000014.1:c10445-8998	NKLF01000020.1:c6951-5495	95.928	614	25	0	1	614	6591	5978	0.0	996
NKLR01000014.1:c10445-8998	NKKV01000021.1:c6509-5053	95.928	614	25	0	1	614	6149	5536	0.0	996
NKLR01000014.1:c10445-8998	NKKS01000020.1:c6943-5496	95.928	614	25	0	1	614	6592	5979	0.0	996
NKLR01000014.1:c10445-8998	NKKR01000020.1:c6943-5496	95.928	614	25	0	1	614	6592	5979	0.0	996
NKLR01000014.1:c10445-8998	NKLA01000017.1:c6948-5495	95.928	614	22	1	1	614	6588	5978	0.0	992
NKLR01000014.1:c10445-8998	NKKY01000019.1:c6945-5492	95.928	614	22	1	1	614	6585	5975	0.0	992
NKLR01000014.1:c10445-8998	NKLD01000019.1:3181-4637	95.603	614	27	0	1	614	4277	3664	0.0	985
NKLR01000014.1:c10445-8998	NKKX01000021.1:c4228-2772	95.603	614	27	0	1	614	3868	3255	0.0	985
NKLR01000014.1:c10445-8998	NKKZ01000015.1:1629-3085	95.440	614	28	0	1	614	1989	2602	0.0	979
NKLR01000014.1:c10445-8998	NKKU01000018.1:1629-3091	94.839	620	26	2	1	614	1989	2608	0.0	963
NKLR01000014.1:c10445-8998	NKKQ01000018.1:1629-3091	94.839	620	26	2	1	614	1989	2608	0.0	963
NKLR01000014.1:c10445-8998	NKLQ01000019.1:1650-3103	94.203	621	28	3	1	614	2001	2620	0.0	941
NKLR01000014.1:c10445-8998	NKLB01000022.1:1650-3103	94.203	621	28	3	1	614	2001	2620	0.0	941
NKLR01000014.1:c10445-8998	NKKW01000019.1:1650-3103	94.203	621	28	3	1	614	2001	2620	0.0	941
CP079206.1:233910-234523	CP079206.1:233910-234523	100.000	614	0	0	1	614	233910	234523	0.0	1134
CP079206.1:233910-234523	NKLC01000021.1:1629-3076	100.000	614	0	0	1	614	1980	2593	0.0	1134
CP079206.1:233910-234523	NKLF01000020.1:c6951-5495	99.837	614	1	0	1	614	6591	5978	0.0	1129
CP079206.1:233910-234523	NKKS01000020.1:c6943-5496	99.511	614	3	0	1	614	6592	5979	0.0	1118
CP079206.1:233910-234523	NKKR01000020.1:c6943-5496	99.511	614	3	0	1	614	6592	5979	0.0	1118
CP079206.1:233910-234523	NKLO01000022.1:1629-3085	99.349	614	4	0	1	614	1989	2602	0.0	1112
CP079206.1:233910-234523	NKLN01000025.1:c6951-5495	99.349	614	4	0	1	614	6591	5978	0.0	1112
CP079206.1:233910-234523	NKLD01000019.1:3181-4637	99.349	614	4	0	1	614	4277	3664	0.0	1112
CP079206.1:233910-234523	NKKX01000021.1:c4228-2772	99.349	614	4	0	1	614	3868	3255	0.0	1112
CP079206.1:233910-234523	NKLJ01000021.1:4824-6280	99.186	614	5	0	1	614	5920	5307	0.0	1107
CP079206.1:233910-234523	NKLI01000022.1:5053-6509	99.186	614	5	0	1	614	6149	5536	0.0	1107
CP079206.1:233910-234523	NKKZ01000015.1:1629-3085	99.186	614	5	0	1	614	1989	2602	0.0	1107
CP079206.1:233910-234523	NKKV01000021.1:c6509-5053	99.186	614	5	0	1	614	6149	5536	0.0	1107
CP079206.1:233910-234523	CP061006.1:179883-180496	98.697	614	8	0	1	614	179883	180496	0.0	1090
CP079206.1:233910-234523	CP076522.1:c2116534-2115921	98.534	614	9	0	1	614	2116534	2115921	0.0	1085
CP079206.1:233910-234523	CP026503.1:c189602-188989	98.534	614	9	0	1	614	189602	188989	0.0	1085
CP079206.1:233910-234523	NKLH01000021.1:1650-3106	98.534	614	9	0	1	614	2010	2623	0.0	1085
CP079206.1:233910-234523	NKKU01000018.1:1629-3091	98.387	620	4	1	1	614	1989	2608	0.0	1085
CP079206.1:233910-234523	NKKQ01000018.1:1629-3091	98.387	620	4	1	1	614	1989	2608	0.0	1085
CP079206.1:233910-234523	NKLA01000017.1:c6948-5495	97.883	614	10	1	1	614	6588	5978	0.0	1059
CP079206.1:233910-234523	NKKY01000019.1:c6945-5492	97.883	614	10	1	1	614	6585	5975	0.0	1059
CP079206.1:233910-234523	NKLR01000014.1:c10445-8998	96.091	614	24	0	1	614	10094	9481	0.0	1002
CP079206.1:233910-234523	NKLL01000013.1:1736-3183	96.091	614	24	0	1	614	2087	2700	0.0	1002
CP079206.1:233910-234523	NKLK01000015.1:c8336-7100	96.091	614	24	0	1	614	8196	7583	0.0	1002
CP079206.1:233910-234523	NKLP01000019.1:c10373-8917	95.928	614	25	0	1	614	10013	9400	0.0	996
CP079206.1:233910-234523	NKLQ01000019.1:1650-3103	95.323	620	23	2	1	614	2001	2620	0.0	979
CP079206.1:233910-234523	NKLM01000017.1:c10593-9146	95.440	614	28	0	1	614	10242	9629	0.0	979
CP079206.1:233910-234523	NKLG01000017.1:1840-3287	95.440	614	28	0	1	614	2191	2804	0.0	979
CP079206.1:233910-234523	NKLE01000019.1:9146-10593	95.440	614	28	0	1	614	10242	9629	0.0	979
CP079206.1:233910-234523	NKLB01000022.1:1650-3103	95.323	620	23	2	1	614	2001	2620	0.0	979
CP079206.1:233910-234523	NKKW01000019.1:1650-3103	95.323	620	23	2	1	614	2001	2620	0.0	979
CP079206.1:233910-234523	NKKT01000018.1:c10593-9146	95.440	614	28	0	1	614	10242	9629	0.0	979
CP061006.1:179883-180496	CP061006.1:179883-180496	100.000	614	0	0	1	614	179883	180496	0.0	1134
CP061006.1:179883-180496	CP076522.1:c2116534-2115921	99.837	614	1	0	1	614	2116534	2115921	0.0	1129
CP061006.1:179883-180496	CP026503.1:c189602-188989	99.837	614	1	0	1	614	189602	188989	0.0	1129
CP061006.1:179883-180496	CP079206.1:233910-234523	98.697	614	8	0	1	614	233910	234523	0.0	1090
CP061006.1:179883-180496	NKLC01000021.1:1629-3076	98.697	614	8	0	1	614	1980	2593	0.0	1090
CP061006.1:179883-180496	NKKS01000020.1:c6943-5496	98.697	614	8	0	1	614	6592	5979	0.0	1090
CP061006.1:179883-180496	NKKR01000020.1:c6943-5496	98.697	614	8	0	1	614	6592	5979	0.0	1090
CP061006.1:179883-180496	NKLO01000022.1:1629-3085	98.534	614	9	0	1	614	1989	2602	0.0	1085
CP061006.1:179883-180496	NKLN01000025.1:c6951-5495	98.534	614	9	0	1	614	6591	5978	0.0	1085
CP061006.1:179883-180496	NKLH01000021.1:1650-3106	98.534	614	9	0	1	614	2010	2623	0.0	1085
CP061006.1:179883-180496	NKLF01000020.1:c6951-5495	98.534	614	9	0	1	614	6591	5978	0.0	1085
CP061006.1:179883-180496	NKLJ01000021.1:4824-6280	98.371	614	10	0	1	614	5920	5307	0.0	1079
CP061006.1:179883-180496	NKLI01000022.1:5053-6509	98.371	614	10	0	1	614	6149	5536	0.0	1079
CP061006.1:179883-180496	NKLD01000019.1:3181-4637	98.371	614	10	0	1	614	4277	3664	0.0	1079
CP061006.1:179883-180496	NKKX01000021.1:c4228-2772	98.371	614	10	0	1	614	3868	3255	0.0	1079
CP061006.1:179883-180496	NKKV01000021.1:c6509-5053	98.371	614	10	0	1	614	6149	5536	0.0	1079
CP061006.1:179883-180496	NKKZ01000015.1:1629-3085	98.208	614	11	0	1	614	1989	2602	0.0	1074
CP061006.1:179883-180496	NKLA01000017.1:c6948-5495	98.046	614	9	1	1	614	6588	5978	0.0	1064
CP061006.1:179883-180496	NKKY01000019.1:c6945-5492	98.046	614	9	1	1	614	6585	5975	0.0	1064
CP061006.1:179883-180496	NKKU01000018.1:1629-3091	97.419	620	10	1	1	614	1989	2608	0.0	1051
CP061006.1:179883-180496	NKKQ01000018.1:1629-3091	97.419	620	10	1	1	614	1989	2608	0.0	1051
CP061006.1:179883-180496	NKLR01000014.1:c10445-8998	96.254	614	23	0	1	614	10094	9481	0.0	1007
CP061006.1:179883-180496	NKLL01000013.1:1736-3183	96.254	614	23	0	1	614	2087	2700	0.0	1007
CP061006.1:179883-180496	NKLK01000015.1:c8336-7100	96.254	614	23	0	1	614	8196	7583	0.0	1007
CP061006.1:179883-180496	NKLP01000019.1:c10373-8917	96.091	614	24	0	1	614	10013	9400	0.0	1002
CP061006.1:179883-180496	NKLM01000017.1:c10593-9146	95.603	614	27	0	1	614	10242	9629	0.0	985
CP061006.1:179883-180496	NKLG01000017.1:1840-3287	95.603	614	27	0	1	614	2191	2804	0.0	985
CP061006.1:179883-180496	NKLE01000019.1:9146-10593	95.603	614	27	0	1	614	10242	9629	0.0	985
CP061006.1:179883-180496	NKKT01000018.1:c10593-9146	95.603	614	27	0	1	614	10242	9629	0.0	985
CP061006.1:179883-180496	NKLQ01000019.1:1650-3103	95.161	620	24	2	1	614	2001	2620	0.0	974
CP061006.1:179883-180496	NKLB01000022.1:1650-3103	95.161	620	24	2	1	614	2001	2620	0.0	974
CP061006.1:179883-180496	NKKW01000019.1:1650-3103	95.161	620	24	2	1	614	2001	2620	0.0	974
CP026503.1:c189602-188989	CP026503.1:c189602-188989	100.000	614	0	0	1	614	189602	188989	0.0	1134
CP026503.1:c189602-188989	CP061006.1:179883-180496	99.837	614	1	0	1	614	179883	180496	0.0	1129
CP026503.1:c189602-188989	CP076522.1:c2116534-2115921	99.674	614	2	0	1	614	2116534	2115921	0.0	1123
CP026503.1:c189602-188989	CP079206.1:233910-234523	98.534	614	9	0	1	614	233910	234523	0.0	1085
CP026503.1:c189602-188989	NKLC01000021.1:1629-3076	98.534	614	9	0	1	614	1980	2593	0.0	1085
CP026503.1:c189602-188989	NKKS01000020.1:c6943-5496	98.534	614	9	0	1	614	6592	5979	0.0	1085
CP026503.1:c189602-188989	NKKR01000020.1:c6943-5496	98.534	614	9	0	1	614	6592	5979	0.0	1085
CP026503.1:c189602-188989	NKLO01000022.1:1629-3085	98.371	614	10	0	1	614	1989	2602	0.0	1079
CP026503.1:c189602-188989	NKLN01000025.1:c6951-5495	98.371	614	10	0	1	614	6591	5978	0.0	1079
CP026503.1:c189602-188989	NKLH01000021.1:1650-3106	98.371	614	10	0	1	614	2010	2623	0.0	1079
CP026503.1:c189602-188989	NKLF01000020.1:c6951-5495	98.371	614	10	0	1	614	6591	5978	0.0	1079
CP026503.1:c189602-188989	NKLJ01000021.1:4824-6280	98.208	614	11	0	1	614	5920	5307	0.0	1074
CP026503.1:c189602-188989	NKLI01000022.1:5053-6509	98.208	614	11	0	1	614	6149	5536	0.0	1074
CP026503.1:c189602-188989	NKLD01000019.1:3181-4637	98.208	614	11	0	1	614	4277	3664	0.0	1074
CP026503.1:c189602-188989	NKKX01000021.1:c4228-2772	98.208	614	11	0	1	614	3868	3255	0.0	1074
CP026503.1:c189602-188989	NKKV01000021.1:c6509-5053	98.208	614	11	0	1	614	6149	5536	0.0	1074
CP026503.1:c189602-188989	NKKZ01000015.1:1629-3085	98.046	614	12	0	1	614	1989	2602	0.0	1068
CP026503.1:c189602-188989	NKLA01000017.1:c6948-5495	97.883	614	10	1	1	614	6588	5978	0.0	1059
CP026503.1:c189602-188989	NKKY01000019.1:c6945-5492	97.883	614	10	1	1	614	6585	5975	0.0	1059
CP026503.1:c189602-188989	NKKU01000018.1:1629-3091	97.258	620	11	1	1	614	1989	2608	0.0	1046
CP026503.1:c189602-188989	NKKQ01000018.1:1629-3091	97.258	620	11	1	1	614	1989	2608	0.0	1046
CP026503.1:c189602-188989	NKLR01000014.1:c10445-8998	96.091	614	24	0	1	614	10094	9481	0.0	1002
CP026503.1:c189602-188989	NKLL01000013.1:1736-3183	96.091	614	24	0	1	614	2087	2700	0.0	1002
CP026503.1:c189602-188989	NKLK01000015.1:c8336-7100	96.091	614	24	0	1	614	8196	7583	0.0	1002
CP026503.1:c189602-188989	NKLP01000019.1:c10373-8917	95.928	614	25	0	1	614	10013	9400	0.0	996
CP026503.1:c189602-188989	NKLM01000017.1:c10593-9146	95.440	614	28	0	1	614	10242	9629	0.0	979
CP026503.1:c189602-188989	NKLG01000017.1:1840-3287	95.440	614	28	0	1	614	2191	2804	0.0	979
CP026503.1:c189602-188989	NKLE01000019.1:9146-10593	95.440	614	28	0	1	614	10242	9629	0.0	979
CP026503.1:c189602-188989	NKKT01000018.1:c10593-9146	95.440	614	28	0	1	614	10242	9629	0.0	979
CP026503.1:c189602-188989	NKLQ01000019.1:1650-3103	95.000	620	25	2	1	614	2001	2620	0.0	968
CP026503.1:c189602-188989	NKLB01000022.1:1650-3103	95.000	620	25	2	1	614	2001	2620	0.0	968
CP026503.1:c189602-188989	NKKW01000019.1:1650-3103	95.000	620	25	2	1	614	2001	2620	0.0	968
CP076522.1:c2116534-2115921	CP076522.1:c2116534-2115921	100.000	614	0	0	1	614	2116534	2115921	0.0	1134
CP076522.1:c2116534-2115921	CP061006.1:179883-180496	99.837	614	1	0	1	614	179883	180496	0.0	1129
CP076522.1:c2116534-2115921	CP026503.1:c189602-188989	99.674	614	2	0	1	614	189602	188989	0.0	1123
CP076522.1:c2116534-2115921	CP079206.1:233910-234523	98.534	614	9	0	1	614	233910	234523	0.0	1085
CP076522.1:c2116534-2115921	NKLC01000021.1:1629-3076	98.534	614	9	0	1	614	1980	2593	0.0	1085
CP076522.1:c2116534-2115921	NKKS01000020.1:c6943-5496	98.534	614	9	0	1	614	6592	5979	0.0	1085
CP076522.1:c2116534-2115921	NKKR01000020.1:c6943-5496	98.534	614	9	0	1	614	6592	5979	0.0	1085
CP076522.1:c2116534-2115921	NKLO01000022.1:1629-3085	98.371	614	10	0	1	614	1989	2602	0.0	1079
CP076522.1:c2116534-2115921	NKLN01000025.1:c6951-5495	98.371	614	10	0	1	614	6591	5978	0.0	1079
CP076522.1:c2116534-2115921	NKLH01000021.1:1650-3106	98.371	614	10	0	1	614	2010	2623	0.0	1079
CP076522.1:c2116534-2115921	NKLF01000020.1:c6951-5495	98.371	614	10	0	1	614	6591	5978	0.0	1079
CP076522.1:c2116534-2115921	NKLJ01000021.1:4824-6280	98.208	614	11	0	1	614	5920	5307	0.0	1074
CP076522.1:c2116534-2115921	NKLI01000022.1:5053-6509	98.208	614	11	0	1	614	6149	5536	0.0	1074
CP076522.1:c2116534-2115921	NKLD01000019.1:3181-4637	98.208	614	11	0	1	614	4277	3664	0.0	1074
CP076522.1:c2116534-2115921	NKKX01000021.1:c4228-2772	98.208	614	11	0	1	614	3868	3255	0.0	1074
CP076522.1:c2116534-2115921	NKKV01000021.1:c6509-5053	98.208	614	11	0	1	614	6149	5536	0.0	1074
CP076522.1:c2116534-2115921	NKKZ01000015.1:1629-3085	98.046	614	12	0	1	614	1989	2602	0.0	1068
CP076522.1:c2116534-2115921	NKLA01000017.1:c6948-5495	97.883	614	10	1	1	614	6588	5978	0.0	1059
CP076522.1:c2116534-2115921	NKKY01000019.1:c6945-5492	97.883	614	10	1	1	614	6585	5975	0.0	1059
CP076522.1:c2116534-2115921	NKKU01000018.1:1629-3091	97.258	620	11	1	1	614	1989	2608	0.0	1046
CP076522.1:c2116534-2115921	NKKQ01000018.1:1629-3091	97.258	620	11	1	1	614	1989	2608	0.0	1046
CP076522.1:c2116534-2115921	NKLK01000015.1:c8336-7100	96.417	614	22	0	1	614	8196	7583	0.0	1013
CP076522.1:c2116534-2115921	NKLR01000014.1:c10445-8998	96.254	614	23	0	1	614	10094	9481	0.0	1007
CP076522.1:c2116534-2115921	NKLL01000013.1:1736-3183	96.254	614	23	0	1	614	2087	2700	0.0	1007
CP076522.1:c2116534-2115921	NKLP01000019.1:c10373-8917	96.091	614	24	0	1	614	10013	9400	0.0	1002
CP076522.1:c2116534-2115921	NKLM01000017.1:c10593-9146	95.603	614	27	0	1	614	10242	9629	0.0	985
CP076522.1:c2116534-2115921	NKLG01000017.1:1840-3287	95.603	614	27	0	1	614	2191	2804	0.0	985
CP076522.1:c2116534-2115921	NKLE01000019.1:9146-10593	95.603	614	27	0	1	614	10242	9629	0.0	985
CP076522.1:c2116534-2115921	NKKT01000018.1:c10593-9146	95.603	614	27	0	1	614	10242	9629	0.0	985
CP076522.1:c2116534-2115921	NKLQ01000019.1:1650-3103	95.161	620	24	2	1	614	2001	2620	0.0	974
CP076522.1:c2116534-2115921	NKLB01000022.1:1650-3103	95.161	620	24	2	1	614	2001	2620	0.0	974
CP076522.1:c2116534-2115921	NKKW01000019.1:1650-3103	95.161	620	24	2	1	614	2001	2620	0.0	974
